pg_stat objects up_primary acting_primary
2.7ff 0 [11,4,22] [11,4,22]
2.7fe 0 [18,6,14] [18,6,14]
2.7fd 0 [5,21,23] [5,21,23]
2.7fc 0 [9,8,20] [9,8,20]
2.7fb 0 [11,14,10] [11,14,10]
2.7fa 0 [23,4,5] [23,4,5]
2.7f9 0 [2,17,22] [2,17,22]
2.7f8 0 [16,8,11] [16,8,11]
2.7f7 0 [7,3,10] [7,3,10]
2.7f6 0 [6,4,1] [6,4,1]
2.7f5 0 [16,1,6] [16,1,6]
2.7f4 0 [22,11,4] [22,11,4]
2.7f3 0 [2,1,11] [2,1,11]
2.7f2 0 [14,22,23] [14,22,23]
2.7f1 0 [7,6,8] [7,6,8]
2.7f0 0 [3,4,1] [3,4,1]
2.7ef 0 [8,14,3] [8,14,3]
2.7ee 0 [20,18,4] [20,18,4]
2.7ed 0 [8,23,14] [8,23,14]
2.7ec 0 [18,3,7] [18,3,7]
2.7eb 0 [14,18,11] [14,18,11]
2.7ea 0 [21,0,13] [21,0,13]
2.7e9 0 [22,3,4] [22,3,4]
2.7e8 0 [19,6,8] [19,6,8]
2.7e7 0 [7,17,13] [7,17,13]
2.7e6 0 [14,6,8] [14,6,8]
2.7e5 0 [14,0,8] [14,0,8]
2.7e4 0 [0,13,19] [0,13,19]
2.7e3 0 [1,11,19] [1,11,19]
2.7e2 0 [3,2,8] [3,2,8]
2.7e1 0 [10,14,3] [10,14,3]
2.7e0 0 [7,0,15] [7,0,15]
2.7df 0 [0,2,18] [0,2,18]
2.7de 0 [5,19,6] [5,19,6]
2.7dd 0 [5,21,17] [5,21,17]
2.7dc 0 [9,1,6] [9,1,6]
2.7db 0 [23,13,2] [23,13,2]
2.7da 0 [5,3,2] [5,3,2]
2.7d9 0 [16,5,6] [16,5,6]
2.7d8 0 [10,3,21] [10,3,21]
2.7d7 0 [11,4,10] [11,4,10]
2.7d6 0 [2,10,11] [2,10,11]
2.7d5 0 [13,17,19] [13,17,19]
2.7d4 0 [21,5,11] [21,5,11]
2.7d3 0 [14,5,17] [14,5,17]
2.7d2 0 [5,23,16] [5,23,16]
2.7d1 0 [7,13,3] [7,13,3]
2.7d0 0 [22,2,0] [22,2,0]
2.7cf 0 [17,9,22] [17,9,22]
2.7ce 0 [16,18,6] [16,18,6]
2.7cd 0 [16,23,1] [16,23,1]
2.7cc 0 [10,4,17] [10,4,17]
2.7cb 0 [16,1,3] [16,1,3]
2.7ca 0 [3,4,15] [3,4,15]
2.7c9 0 [14,13,20] [14,13,20]
2.7c8 0 [21,6,8] [21,6,8]
2.7c7 0 [18,2,3] [18,2,3]
2.7c6 0 [17,5,4] [17,5,4]
2.7c5 0 [7,8,23] [7,8,23]
2.7c4 0 [21,18,3] [21,18,3]
2.7c3 0 [15,19,23] [15,19,23]
2.7c2 0 [9,15,17] [9,15,17]
2.7c1 0 [11,5,9] [11,5,9]
2.7c0 0 [9,20,1] [9,20,1]
2.7bf 0 [16,1,0] [16,1,0]
2.7be 0 [16,13,17] [16,13,17]
2.7bd 0 [18,17,19] [18,17,19]
2.7bc 0 [14,5,0] [14,5,0]
2.7bb 0 [9,5,6] [9,5,6]
2.7ba 0 [13,7,6] [13,7,6]
2.7b9 0 [3,7,10] [3,7,10]
2.7b8 0 [1,19,0] [1,19,0]
2.7b7 0 [15,3,16] [15,3,16]
2.7b6 0 [15,3,21] [15,3,21]
2.7b5 0 [17,18,2] [17,18,2]
2.7b4 0 [20,19,1] [20,19,1]
2.7b3 0 [4,15,6] [4,15,6]
2.7b2 0 [7,6,5] [7,6,5]
2.7b1 0 [10,19,3] [10,19,3]
2.7b0 0 [23,10,9] [23,10,9]
2.7af 0 [11,14,8] [11,14,8]
2.7ae 0 [13,19,3] [13,19,3]
2.7ad 0 [1,19,17] [1,19,17]
2.7ac 0 [16,3,5] [16,3,5]
2.7ab 0 [10,14,23] [10,14,23]
2.7aa 0 [5,11,16] [5,11,16]
2.7a9 0 [3,9,1] [3,9,1]
2.7a8 0 [0,14,8] [0,14,8]
2.7a7 0 [18,7,3] [18,7,3]
2.7a6 0 [16,23,5] [16,23,5]
2.7a5 0 [20,7,5] [20,7,5]
2.7a4 0 [19,10,11] [19,10,11]
2.7a3 0 [9,0,13] [9,0,13]
2.7a2 0 [21,8,11] [21,8,11]
2.7a1 0 [13,9,0] [13,9,0]
2.7a0 0 [6,13,16] [6,13,16]
2.79f 0 [1,6,2] [1,6,2]
2.79e 0 [11,22,19] [11,22,19]
2.79d 0 [23,13,9] [23,13,9]
2.79c 0 [8,2,3] [8,2,3]
2.79b 0 [9,13,11] [9,13,11]
2.79a 0 [3,4,5] [3,4,5]
2.799 0 [23,15,4] [23,15,4]
2.798 0 [21,0,5] [21,0,5]
2.797 0 [19,15,23] [19,15,23]
2.796 0 [18,7,3] [18,7,3]
2.795 0 [10,23,9] [10,23,9]
2.794 0 [6,2,8] [6,2,8]
2.793 0 [17,13,2] [17,13,2]
2.792 0 [21,18,0] [21,18,0]
2.791 0 [4,22,11] [4,22,11]
2.790 0 [7,0,18] [7,0,18]
2.78f 0 [23,1,14] [23,1,14]
2.78e 0 [0,21,10] [0,21,10]
2.78d 0 [22,17,9] [22,17,9]
2.78c 0 [13,6,2] [13,6,2]
2.78b 0 [23,8,19] [23,8,19]
2.78a 0 [17,2,5] [17,2,5]
2.789 0 [14,10,0] [14,10,0]
2.788 0 [13,3,7] [13,3,7]
2.787 0 [6,2,15] [6,2,15]
2.786 0 [6,9,13] [6,9,13]
2.785 0 [23,4,5] [23,4,5]
2.784 0 [20,4,8] [20,4,8]
2.783 0 [16,23,8] [16,23,8]
2.782 0 [15,23,21] [15,23,21]
2.781 0 [3,7,5] [3,7,5]
2.780 0 [7,5,3] [7,5,3]
2.77f 0 [11,15,19] [11,15,19]
2.77e 0 [19,5,23] [19,5,23]
2.77d 0 [4,0,10] [4,0,10]
2.77c 0 [21,20,22] [21,20,22]
2.77b 0 [1,6,14] [1,6,14]
2.77a 0 [13,21,6] [13,21,6]
2.779 0 [2,1,11] [2,1,11]
2.778 0 [13,3,4] [13,3,4]
2.777 0 [10,4,23] [10,4,23]
2.776 0 [11,13,21] [11,13,21]
2.775 0 [13,19,23] [13,19,23]
2.774 0 [11,9,15] [11,9,15]
2.773 0 [14,11,5] [14,11,5]
2.772 0 [23,18,4] [23,18,4]
2.771 0 [8,3,2] [8,3,2]
2.770 0 [10,6,7] [10,6,7]
2.76f 0 [14,20,22] [14,20,22]
2.76e 0 [14,20,8] [14,20,8]
2.76d 0 [23,15,4] [23,15,4]
2.76c 0 [7,3,15] [7,3,15]
2.76b 0 [1,3,21] [1,3,21]
2.76a 0 [16,10,11] [16,10,11]
2.769 0 [14,17,1] [14,17,1]
2.768 0 [10,11,2] [10,11,2]
2.767 0 [22,6,16] [22,6,16]
2.766 0 [7,11,5] [7,11,5]
2.765 0 [3,14,18] [3,14,18]
2.764 0 [21,13,23] [21,13,23]
2.763 0 [7,8,3] [7,8,3]
2.762 0 [13,9,23] [13,9,23]
2.761 0 [9,10,23] [9,10,23]
2.760 0 [3,21,15] [3,21,15]
2.75f 0 [10,23,7] [10,23,7]
2.75e 0 [11,19,1] [11,19,1]
2.75d 0 [6,8,4] [6,8,4]
2.75c 0 [7,17,8] [7,17,8]
2.75b 0 [17,4,8] [17,4,8]
2.75a 0 [7,17,15] [7,17,15]
2.759 0 [23,7,5] [23,7,5]
2.758 0 [18,17,4] [18,17,4]
2.757 0 [15,14,23] [15,14,23]
2.756 0 [16,22,11] [16,22,11]
2.755 0 [3,18,16] [3,18,16]
2.754 0 [15,20,16] [15,20,16]
2.753 0 [4,11,22] [4,11,22]
2.752 0 [14,0,1] [14,0,1]
2.751 0 [2,15,11] [2,15,11]
2.750 0 [14,6,1] [14,6,1]
2.74f 0 [17,1,9] [17,1,9]
2.74e 0 [8,3,16] [8,3,16]
2.74d 0 [18,6,9] [18,6,9]
2.74c 0 [7,11,18] [7,11,18]
2.74b 0 [18,4,17] [18,4,17]
2.74a 0 [22,7,0] [22,7,0]
2.749 0 [3,7,13] [3,7,13]
2.748 0 [10,16,0] [10,16,0]
2.747 0 [16,18,0] [16,18,0]
2.746 0 [3,2,15] [3,2,15]
2.745 0 [16,10,6] [16,10,6]
2.744 0 [8,7,6] [8,7,6]
2.743 0 [13,2,20] [13,2,20]
2.742 0 [3,13,16] [3,13,16]
2.741 0 [20,22,14] [20,22,14]
2.740 0 [11,14,1] [11,14,1]
2.73f 0 [14,18,3] [14,18,3]
2.73e 0 [17,8,7] [17,8,7]
2.73d 0 [2,13,11] [2,13,11]
2.73c 0 [8,20,9] [8,20,9]
2.73b 0 [0,15,21] [0,15,21]
2.73a 0 [19,17,10] [19,17,10]
2.739 0 [23,4,15] [23,4,15]
2.738 0 [5,4,0] [5,4,0]
2.737 0 [2,11,5] [2,11,5]
2.736 0 [2,8,11] [2,8,11]
2.735 0 [3,15,16] [3,15,16]
2.734 0 [16,5,20] [16,5,20]
2.733 0 [1,6,9] [1,6,9]
2.732 0 [7,3,18] [7,3,18]
2.731 0 [19,10,3] [19,10,3]
2.730 0 [15,19,6] [15,19,6]
2.72f 0 [11,4,22] [11,4,22]
2.72e 0 [3,15,21] [3,15,21]
2.72d 0 [9,11,13] [9,11,13]
2.72c 0 [13,16,23] [13,16,23]
2.72b 0 [22,21,6] [22,21,6]
2.72a 0 [21,1,0] [21,1,0]
2.729 0 [19,22,23] [19,22,23]
2.728 0 [5,6,19] [5,6,19]
2.727 0 [16,11,8] [16,11,8]
2.726 0 [20,1,19] [20,1,19]
2.725 0 [18,14,23] [18,14,23]
2.724 0 [14,23,13] [14,23,13]
2.723 0 [15,4,20] [15,4,20]
2.722 0 [18,11,4] [18,11,4]
2.721 0 [2,8,20] [2,8,20]
2.720 0 [20,4,13] [20,4,13]
2.71f 0 [20,10,21] [20,10,21]
2.71e 0 [0,15,14] [0,15,14]
2.71d 0 [8,14,17] [8,14,17]
2.71c 0 [16,5,0] [16,5,0]
2.71b 0 [22,23,16] [22,23,16]
2.71a 0 [18,17,21] [18,17,21]
2.719 0 [4,11,13] [4,11,13]
2.718 0 [17,10,9] [17,10,9]
2.717 0 [20,8,19] [20,8,19]
2.716 0 [6,10,4] [6,10,4]
2.715 0 [18,16,0] [18,16,0]
2.714 0 [8,23,16] [8,23,16]
2.713 0 [10,19,23] [10,19,23]
2.712 0 [7,22,3] [7,22,3]
2.711 0 [10,9,23] [10,9,23]
2.710 0 [23,13,7] [23,13,7]
2.70f 0 [23,7,1] [23,7,1]
2.70e 0 [0,8,19] [0,8,19]
2.70d 0 [18,7,23] [18,7,23]
2.70c 0 [7,17,8] [7,17,8]
2.70b 0 [18,9,6] [18,9,6]
2.70a 0 [13,23,9] [13,23,9]
2.709 0 [7,11,22] [7,11,22]
2.708 0 [10,7,3] [10,7,3]
2.707 0 [3,22,2] [3,22,2]
2.706 0 [13,7,0] [13,7,0]
2.705 0 [8,17,4] [8,17,4]
2.704 0 [8,20,2] [8,20,2]
2.703 0 [3,14,8] [3,14,8]
2.702 0 [6,13,14] [6,13,14]
2.701 0 [8,2,3] [8,2,3]
2.700 0 [23,7,5] [23,7,5]
2.6ff 0 [11,5,2] [11,5,2]
2.6fe 0 [0,9,5] [0,9,5]
2.6fd 0 [7,11,13] [7,11,13]
2.6fc 0 [17,16,13] [17,16,13]
2.6fb 0 [9,11,5] [9,11,5]
2.6fa 0 [3,22,9] [3,22,9]
2.6f9 0 [11,4,22] [11,4,22]
2.6f8 0 [20,18,7] [20,18,7]
2.6f7 0 [21,1,17] [21,1,17]
2.6f6 0 [18,21,6] [18,21,6]
2.6f5 0 [5,14,20] [5,14,20]
2.6f4 0 [18,19,20] [18,19,20]
2.6f3 0 [14,23,18] [14,23,18]
2.6f2 0 [11,5,9] [11,5,9]
2.6f1 0 [14,20,22] [14,20,22]
2.6f0 0 [2,0,22] [2,0,22]
2.6ef 0 [19,11,18] [19,11,18]
2.6ee 0 [17,4,22] [17,4,22]
2.6ed 0 [8,3,7] [8,3,7]
2.6ec 0 [1,19,0] [1,19,0]
2.6eb 0 [21,23,18] [21,23,18]
2.6ea 0 [11,10,14] [11,10,14]
2.6e9 0 [23,7,1] [23,7,1]
2.6e8 0 [20,21,13] [20,21,13]
2.6e7 0 [5,6,7] [5,6,7]
2.6e6 0 [22,11,19] [22,11,19]
2.6e5 0 [9,20,22] [9,20,22]
2.6e4 0 [14,11,10] [14,11,10]
2.6e3 0 [9,15,0] [9,15,0]
2.6e2 0 [18,21,23] [18,21,23]
2.6e1 0 [6,18,14] [6,18,14]
2.6e0 0 [11,21,15] [11,21,15]
2.6df 0 [0,21,13] [0,21,13]
2.6de 0 [14,23,15] [14,23,15]
2.6dd 0 [6,1,14] [6,1,14]
2.6dc 0 [15,4,0] [15,4,0]
2.6db 0 [13,7,20] [13,7,20]
2.6da 0 [5,0,14] [5,0,14]
2.6d9 0 [18,9,3] [18,9,3]
2.6d8 0 [5,2,20] [5,2,20]
2.6d7 0 [7,23,5] [7,23,5]
2.6d6 0 [22,7,20] [22,7,20]
2.6d5 0 [0,5,21] [0,5,21]
2.6d4 0 [10,4,6] [10,4,6]
2.6d3 0 [7,1,6] [7,1,6]
2.6d2 0 [10,7,23] [10,7,23]
2.6d1 0 [2,11,18] [2,11,18]
2.6d0 0 [2,17,8] [2,17,8]
2.6cf 0 [23,16,1] [23,16,1]
2.6ce 0 [20,5,7] [20,5,7]
2.6cd 0 [19,8,3] [19,8,3]
2.6cc 0 [1,4,20] [1,4,20]
2.6cb 0 [11,2,15] [11,2,15]
2.6ca 0 [16,18,6] [16,18,6]
2.6c9 0 [15,7,17] [15,7,17]
2.6c8 0 [1,16,3] [1,16,3]
2.6c7 0 [19,11,1] [19,11,1]
2.6c6 0 [7,0,8] [7,0,8]
2.6c5 0 [3,9,22] [3,9,22]
2.6c4 0 [16,23,22] [16,23,22]
2.6c3 0 [23,14,22] [23,14,22]
2.6c2 0 [7,6,5] [7,6,5]
2.6c1 0 [6,22,4] [6,22,4]
2.6c0 0 [22,11,19] [22,11,19]
2.6bf 0 [11,10,19] [11,10,19]
2.6be 0 [2,6,13] [2,6,13]
2.6bd 0 [3,1,4] [3,1,4]
2.6bc 0 [11,21,1] [11,21,1]
2.6bb 0 [17,1,7] [17,1,7]
2.6ba 0 [0,5,7] [0,5,7]
2.6b9 0 [23,22,14] [23,22,14]
2.6b8 0 [21,15,17] [21,15,17]
2.6b7 0 [10,2,20] [10,2,20]
2.6b6 0 [16,18,23] [16,18,23]
2.6b5 0 [22,19,11] [22,19,11]
2.6b4 0 [22,3,21] [22,3,21]
2.6b3 0 [3,16,22] [3,16,22]
2.6b2 0 [16,6,8] [16,6,8]
2.6b1 0 [0,7,13] [0,7,13]
2.6b0 0 [9,8,23] [9,8,23]
2.6af 0 [2,15,6] [2,15,6]
2.6ae 0 [21,6,18] [21,6,18]
2.6ad 0 [19,17,13] [19,17,13]
2.6ac 0 [3,13,9] [3,13,9]
2.6ab 0 [6,7,1] [6,7,1]
2.6aa 0 [22,7,11] [22,7,11]
2.6a9 0 [19,11,22] [19,11,22]
2.6a8 0 [2,20,10] [2,20,10]
2.6a7 0 [14,17,15] [14,17,15]
2.6a6 0 [5,20,16] [5,20,16]
2.6a5 0 [8,0,4] [8,0,4]
2.6a4 0 [1,9,6] [1,9,6]
2.6a3 0 [6,1,2] [6,1,2]
2.6a2 0 [21,18,20] [21,18,20]
2.6a1 0 [1,7,17] [1,7,17]
2.6a0 0 [16,15,0] [16,15,0]
2.69f 0 [21,8,20] [21,8,20]
2.69e 0 [20,22,19] [20,22,19]
2.69d 0 [1,21,11] [1,21,11]
2.69c 0 [19,1,17] [19,1,17]
2.69b 0 [8,9,20] [8,9,20]
2.69a 0 [1,6,4] [1,6,4]
2.699 0 [3,18,7] [3,18,7]
2.698 0 [11,7,5] [11,7,5]
2.697 0 [4,5,20] [4,5,20]
2.696 0 [0,22,16] [0,22,16]
2.695 0 [10,19,23] [10,19,23]
2.694 0 [18,14,17] [18,14,17]
2.693 0 [20,21,13] [20,21,13]
2.692 0 [9,11,1] [9,11,1]
2.691 0 [1,4,17] [1,4,17]
2.690 0 [15,4,17] [15,4,17]
2.68f 0 [22,2,3] [22,2,3]
2.68e 0 [3,19,18] [3,19,18]
2.68d 0 [3,10,4] [3,10,4]
2.68c 0 [1,0,21] [1,0,21]
2.68b 0 [11,13,16] [11,13,16]
2.68a 0 [17,16,22] [17,16,22]
2.689 0 [9,10,20] [9,10,20]
2.688 0 [23,21,15] [23,21,15]
2.687 0 [17,15,7] [17,15,7]
2.686 0 [22,3,2] [22,3,2]
2.685 0 [3,13,16] [3,13,16]
2.684 0 [15,19,3] [15,19,3]
2.683 0 [15,16,23] [15,16,23]
2.682 0 [20,14,1] [20,14,1]
2.681 0 [13,17,2] [13,17,2]
2.680 0 [14,20,1] [14,20,1]
2.67f 0 [20,19,1] [20,19,1]
2.67e 0 [3,13,9] [3,13,9]
2.67d 0 [20,14,8] [20,14,8]
2.67c 0 [11,21,1] [11,21,1]
2.67b 0 [19,1,23] [19,1,23]
2.67a 0 [13,23,19] [13,23,19]
2.679 0 [7,5,23] [7,5,23]
2.678 0 [9,20,18] [9,20,18]
2.677 0 [22,9,11] [22,9,11]
2.676 0 [2,15,17] [2,15,17]
2.675 0 [0,13,19] [0,13,19]
2.674 0 [15,23,4] [15,23,4]
2.673 0 [8,11,14] [8,11,14]
2.672 0 [15,20,14] [15,20,14]
2.671 0 [10,7,17] [10,7,17]
2.670 0 [7,3,10] [7,3,10]
2.66f 0 [17,4,15] [17,4,15]
2.66e 0 [18,17,2] [18,17,2]
2.66d 0 [17,14,8] [17,14,8]
2.66c 0 [7,17,8] [7,17,8]
2.66b 0 [6,18,7] [6,18,7]
2.66a 0 [7,22,17] [7,22,17]
2.669 0 [8,19,11] [8,19,11]
2.668 0 [2,5,20] [2,5,20]
2.667 0 [17,13,19] [17,13,19]
2.666 0 [8,21,11] [8,21,11]
2.665 0 [2,17,15] [2,17,15]
2.664 0 [10,16,3] [10,16,3]
2.663 0 [15,17,9] [15,17,9]
2.662 0 [13,3,19] [13,3,19]
2.661 0 [0,10,9] [0,10,9]
2.660 0 [9,8,3] [9,8,3]
2.65f 0 [16,20,10] [16,20,10]
2.65e 0 [14,20,5] [14,20,5]
2.65d 0 [2,17,10] [2,17,10]
2.65c 0 [22,7,6] [22,7,6]
2.65b 0 [16,11,22] [16,11,22]
2.65a 0 [21,18,6] [21,18,6]
2.659 0 [17,10,4] [17,10,4]
2.658 0 [9,1,17] [9,1,17]
2.657 0 [15,17,16] [15,17,16]
2.656 0 [3,7,22] [3,7,22]
2.655 0 [22,14,17] [22,14,17]
2.654 0 [21,17,1] [21,17,1]
2.653 0 [20,22,9] [20,22,9]
2.652 0 [7,20,22] [7,20,22]
2.651 0 [14,3,22] [14,3,22]
2.650 0 [1,14,6] [1,14,6]
2.64f 0 [4,1,17] [4,1,17]
2.64e 0 [0,7,8] [0,7,8]
2.64d 0 [9,10,20] [9,10,20]
2.64c 0 [15,6,7] [15,6,7]
2.64b 0 [6,10,14] [6,10,14]
2.64a 0 [23,19,10] [23,19,10]
2.649 0 [15,11,7] [15,11,7]
2.648 0 [15,7,23] [15,7,23]
2.647 0 [0,19,13] [0,19,13]
2.646 0 [4,5,6] [4,5,6]
2.645 0 [13,23,16] [13,23,16]
2.644 0 [13,9,6] [13,9,6]
2.643 0 [3,15,9] [3,15,9]
2.642 0 [20,10,7] [20,10,7]
2.641 0 [0,13,7] [0,13,7]
2.640 0 [16,10,17] [16,10,17]
2.63f 0 [22,23,19] [22,23,19]
2.63e 0 [23,13,7] [23,13,7]
2.63d 0 [18,21,23] [18,21,23]
2.63c 0 [13,2,6] [13,2,6]
2.63b 0 [0,8,7] [0,8,7]
2.63a 0 [11,19,1] [11,19,1]
2.639 0 [15,20,4] [15,20,4]
2.638 0 [14,23,5] [14,23,5]
2.637 0 [16,15,17] [16,15,17]
2.636 0 [1,16,23] [1,16,23]
2.635 0 [8,3,14] [8,3,14]
2.634 0 [18,9,23] [18,9,23]
2.633 0 [1,14,20] [1,14,20]
2.632 0 [8,23,9] [8,23,9]
2.631 0 [2,23,1] [2,23,1]
2.630 0 [8,3,16] [8,3,16]
2.62f 0 [9,1,0] [9,1,0]
2.62e 0 [21,8,17] [21,8,17]
2.62d 0 [17,7,15] [17,7,15]
2.62c 0 [8,3,9] [8,3,9]
2.62b 0 [0,4,18] [0,4,18]
2.62a 0 [21,20,22] [21,20,22]
2.629 0 [9,8,23] [9,8,23]
2.628 0 [21,15,17] [21,15,17]
2.627 0 [5,23,19] [5,23,19]
2.626 0 [20,16,5] [20,16,5]
2.625 0 [3,15,9] [3,15,9]
2.624 0 [17,2,1] [17,2,1]
2.623 0 [18,21,6] [18,21,6]
2.622 0 [8,14,0] [8,14,0]
2.621 0 [17,14,8] [17,14,8]
2.620 0 [13,16,3] [13,16,3]
2.61f 0 [15,3,2] [15,3,2]
2.61e 0 [21,0,18] [21,0,18]
2.61d 0 [14,3,10] [14,3,10]
2.61c 0 [23,4,18] [23,4,18]
2.61b 0 [2,11,1] [2,11,1]
2.61a 0 [5,4,17] [5,4,17]
2.619 0 [18,3,14] [18,3,14]
2.618 0 [6,15,9] [6,15,9]
2.617 0 [3,2,13] [3,2,13]
2.616 0 [10,19,20] [10,19,20]
2.615 0 [17,16,5] [17,16,5]
2.614 0 [3,7,18] [3,7,18]
2.613 0 [5,2,23] [5,2,23]
2.612 0 [16,18,3] [16,18,3]
2.611 0 [7,13,6] [7,13,6]
2.610 0 [3,4,22] [3,4,22]
2.60f 0 [2,20,5] [2,20,5]
2.60e 0 [1,0,16] [1,0,16]
2.60d 0 [13,23,4] [13,23,4]
2.60c 0 [10,11,14] [10,11,14]
2.60b 0 [23,2,10] [23,2,10]
2.60a 0 [3,15,2] [3,15,2]
2.609 0 [2,5,23] [2,5,23]
2.608 0 [8,7,23] [8,7,23]
2.607 0 [20,8,19] [20,8,19]
2.606 0 [22,17,2] [22,17,2]
2.605 0 [7,17,13] [7,17,13]
2.604 0 [7,13,0] [7,13,0]
2.603 0 [18,0,9] [18,0,9]
2.602 0 [11,2,10] [11,2,10]
2.601 0 [16,10,0] [16,10,0]
2.600 0 [0,22,21] [0,22,21]
2.5ff 0 [5,16,3] [5,16,3]
2.5fe 0 [20,2,1] [20,2,1]
2.5fd 0 [22,9,17] [22,9,17]
2.5fc 0 [14,23,1] [14,23,1]
2.5fb 0 [19,17,10] [19,17,10]
2.5fa 0 [11,18,21] [11,18,21]
2.5f9 0 [11,18,16] [11,18,16]
2.5f8 0 [16,6,8] [16,6,8]
2.5f7 0 [7,13,0] [7,13,0]
2.5f6 0 [16,11,10] [16,11,10]
2.5f5 0 [5,19,17] [5,19,17]
2.5f4 0 [4,1,3] [4,1,3]
2.5f3 0 [4,13,11] [4,13,11]
2.5f2 0 [4,5,23] [4,5,23]
2.5f1 0 [7,23,22] [7,23,22]
2.5f0 0 [18,6,19] [18,6,19]
2.5ef 0 [3,10,2] [3,10,2]
2.5ee 0 [0,14,18] [0,14,18]
2.5ed 0 [4,22,11] [4,22,11]
2.5ec 0 [3,22,7] [3,22,7]
2.5eb 0 [11,18,4] [11,18,4]
2.5ea 0 [22,3,14] [22,3,14]
2.5e9 0 [9,11,15] [9,11,15]
2.5e8 0 [5,11,21] [5,11,21]
2.5e7 0 [22,21,11] [22,21,11]
2.5e6 0 [0,19,18] [0,19,18]
2.5e5 0 [15,0,4] [15,0,4]
2.5e4 0 [16,20,5] [16,20,5]
2.5e3 0 [2,15,11] [2,15,11]
2.5e2 0 [5,2,11] [5,2,11]
2.5e1 0 [15,16,6] [15,16,6]
2.5e0 0 [11,21,13] [11,21,13]
2.5df 0 [6,15,2] [6,15,2]
2.5de 0 [17,1,14] [17,1,14]
2.5dd 0 [22,9,6] [22,9,6]
2.5dc 0 [10,14,23] [10,14,23]
2.5db 0 [14,0,5] [14,0,5]
2.5da 0 [10,3,4] [10,3,4]
2.5d9 0 [10,7,3] [10,7,3]
2.5d8 0 [0,14,15] [0,14,15]
2.5d7 0 [15,16,0] [15,16,0]
2.5d6 0 [6,15,4] [6,15,4]
2.5d5 0 [14,1,23] [14,1,23]
2.5d4 0 [17,2,22] [17,2,22]
2.5d3 0 [9,23,1] [9,23,1]
2.5d2 0 [22,11,21] [22,11,21]
2.5d1 0 [17,7,5] [17,7,5]
2.5d0 0 [4,15,11] [4,15,11]
2.5cf 0 [23,7,18] [23,7,18]
2.5ce 0 [13,3,19] [13,3,19]
2.5cd 0 [10,16,0] [10,16,0]
2.5cc 0 [6,14,15] [6,14,15]
2.5cb 0 [5,20,9] [5,20,9]
2.5ca 0 [22,9,11] [22,9,11]
2.5c9 0 [0,16,5] [0,16,5]
2.5c8 0 [22,23,19] [22,23,19]
2.5c7 0 [21,10,23] [21,10,23]
2.5c6 0 [5,14,20] [5,14,20]
2.5c5 0 [6,7,5] [6,7,5]
2.5c4 0 [14,10,0] [14,10,0]
2.5c3 0 [22,7,3] [22,7,3]
2.5c2 0 [11,9,13] [11,9,13]
2.5c1 0 [17,8,14] [17,8,14]
2.5c0 0 [8,16,20] [8,16,20]
2.5bf 0 [9,23,10] [9,23,10]
2.5be 0 [0,2,18] [0,2,18]
2.5bd 0 [11,21,8] [11,21,8]
2.5bc 0 [17,7,22] [17,7,22]
2.5bb 0 [3,18,2] [3,18,2]
2.5ba 0 [23,19,8] [23,19,8]
2.5b9 0 [14,1,23] [14,1,23]
2.5b8 0 [15,16,20] [15,16,20]
2.5b7 0 [19,6,5] [19,6,5]
2.5b6 0 [10,14,3] [10,14,3]
2.5b5 0 [19,23,15] [19,23,15]
2.5b4 0 [11,14,1] [11,14,1]
2.5b3 0 [22,11,2] [22,11,2]
2.5b2 0 [4,10,11] [4,10,11]
2.5b1 0 [2,15,3] [2,15,3]
2.5b0 0 [16,3,5] [16,3,5]
2.5af 0 [17,7,13] [17,7,13]
2.5ae 0 [0,13,2] [0,13,2]
2.5ad 0 [18,7,11] [18,7,11]
2.5ac 0 [6,15,14] [6,15,14]
2.5ab 0 [6,8,16] [6,8,16]
2.5aa 0 [10,4,17] [10,4,17]
2.5a9 0 [19,1,6] [19,1,6]
2.5a8 0 [0,5,2] [0,5,2]
2.5a7 0 [8,14,3] [8,14,3]
2.5a6 0 [15,17,7] [15,17,7]
2.5a5 0 [21,20,8] [21,20,8]
2.5a4 0 [20,8,19] [20,8,19]
2.5a3 0 [19,20,5] [19,20,5]
2.5a2 0 [10,2,20] [10,2,20]
2.5a1 0 [0,14,1] [0,14,1]
2.5a0 0 [9,8,17] [9,8,17]
2.59f 0 [17,9,1] [17,9,1]
2.59e 0 [4,5,6] [4,5,6]
2.59d 0 [6,4,15] [6,4,15]
2.59c 0 [21,15,11] [21,15,11]
2.59b 0 [6,22,7] [6,22,7]
2.59a 0 [8,3,16] [8,3,16]
2.599 0 [5,4,20] [5,4,20]
2.598 0 [15,23,19] [15,23,19]
2.597 0 [15,9,3] [15,9,3]
2.596 0 [4,20,13] [4,20,13]
2.595 0 [15,4,3] [15,4,3]
2.594 0 [13,21,0] [13,21,0]
2.593 0 [11,16,15] [11,16,15]
2.592 0 [23,14,5] [23,14,5]
2.591 0 [19,0,22] [19,0,22]
2.590 0 [22,21,3] [22,21,3]
2.58f 0 [21,8,6] [21,8,6]
2.58e 0 [13,4,11] [13,4,11]
2.58d 0 [23,5,9] [23,5,9]
2.58c 0 [6,1,7] [6,1,7]
2.58b 0 [10,3,21] [10,3,21]
2.58a 0 [17,5,19] [17,5,19]
2.589 0 [2,18,20] [2,18,20]
2.588 0 [5,17,21] [5,17,21]
2.587 0 [0,9,18] [0,9,18]
2.586 0 [23,1,14] [23,1,14]
2.585 0 [3,21,1] [3,21,1]
2.584 0 [20,19,22] [20,19,22]
2.583 0 [21,6,10] [21,6,10]
2.582 0 [18,7,17] [18,7,17]
2.581 0 [11,8,19] [11,8,19]
2.580 0 [17,10,9] [17,10,9]
2.57f 0 [5,7,23] [5,7,23]
2.57e 0 [4,18,11] [4,18,11]
2.57d 0 [22,6,7] [22,6,7]
2.57c 0 [5,19,11] [5,19,11]
2.57b 0 [15,9,20] [15,9,20]
2.57a 0 [2,20,10] [2,20,10]
2.579 0 [19,17,15] [19,17,15]
2.578 0 [13,16,0] [13,16,0]
2.577 0 [5,11,7] [5,11,7]
2.576 0 [18,2,6] [18,2,6]
2.575 0 [20,9,10] [20,9,10]
2.574 0 [19,22,20] [19,22,20]
2.573 0 [7,23,8] [7,23,8]
2.572 0 [15,9,11] [15,9,11]
2.571 0 [19,23,10] [19,23,10]
2.570 0 [21,10,23] [21,10,23]
2.56f 0 [2,20,8] [2,20,8]
2.56e 0 [4,6,15] [4,6,15]
2.56d 0 [9,6,15] [9,6,15]
2.56c 0 [22,11,4] [22,11,4]
2.56b 0 [1,23,19] [1,23,19]
2.56a 0 [22,2,20] [22,2,20]
2.569 0 [10,6,9] [10,6,9]
2.568 0 [6,13,2] [6,13,2]
2.567 0 [14,3,10] [14,3,10]
2.566 0 [6,15,7] [6,15,7]
2.565 0 [9,0,15] [9,0,15]
2.564 0 [5,23,14] [5,23,14]
2.563 0 [10,3,7] [10,3,7]
2.562 0 [10,21,17] [10,21,17]
2.561 0 [15,14,20] [15,14,20]
2.560 0 [0,18,16] [0,18,16]
2.55f 0 [23,18,21] [23,18,21]
2.55e 0 [16,6,10] [16,6,10]
2.55d 0 [16,3,5] [16,3,5]
2.55c 0 [4,10,0] [4,10,0]
2.55b 0 [18,0,4] [18,0,4]
2.55a 0 [7,22,6] [7,22,6]
2.559 0 [17,10,7] [17,10,7]
2.558 0 [19,20,13] [19,20,13]
2.557 0 [16,22,0] [16,22,0]
2.556 0 [3,1,7] [3,1,7]
2.555 0 [1,2,17] [1,2,17]
2.554 0 [5,2,17] [5,2,17]
2.553 0 [11,16,13] [11,16,13]
2.552 0 [8,16,23] [8,16,23]
2.551 0 [22,6,9] [22,6,9]
2.550 0 [8,23,19] [8,23,19]
2.54f 0 [19,10,6] [19,10,6]
2.54e 0 [1,20,16] [1,20,16]
2.54d 0 [6,15,14] [6,15,14]
2.54c 0 [21,0,1] [21,0,1]
2.54b 0 [0,1,9] [0,1,9]
2.54a 0 [3,15,9] [3,15,9]
2.549 0 [5,21,6] [5,21,6]
2.548 0 [14,20,8] [14,20,8]
2.547 0 [5,6,2] [5,6,2]
2.546 0 [11,18,2] [11,18,2]
2.545 0 [18,7,6] [18,7,6]
2.544 0 [3,15,21] [3,15,21]
2.543 0 [18,11,4] [18,11,4]
2.542 0 [13,16,17] [13,16,17]
2.541 0 [2,13,6] [2,13,6]
2.540 0 [4,8,0] [4,8,0]
2.53f 0 [17,15,19] [17,15,19]
2.53e 0 [6,16,5] [6,16,5]
2.53d 0 [6,13,9] [6,13,9]
2.53c 0 [10,0,16] [10,0,16]
2.53b 0 [20,1,7] [20,1,7]
2.53a 0 [17,21,22] [17,21,22]
2.539 0 [22,21,6] [22,21,6]
2.538 0 [7,22,20] [7,22,20]
2.537 0 [1,21,17] [1,21,17]
2.536 0 [14,20,8] [14,20,8]
2.535 0 [8,11,16] [8,11,16]
2.534 0 [18,16,6] [18,16,6]
2.533 0 [8,3,21] [8,3,21]
2.532 0 [9,0,15] [9,0,15]
2.531 0 [23,8,16] [23,8,16]
2.530 0 [14,5,20] [14,5,20]
2.52f 0 [18,21,17] [18,21,17]
2.52e 0 [17,10,16] [17,10,16]
2.52d 0 [0,5,7] [0,5,7]
2.52c 0 [15,23,19] [15,23,19]
2.52b 0 [19,3,1] [19,3,1]
2.52a 0 [3,4,1] [3,4,1]
2.529 0 [15,17,2] [15,17,2]
2.528 0 [16,3,18] [16,3,18]
2.527 0 [2,15,0] [2,15,0]
2.526 0 [20,9,13] [20,9,13]
2.525 0 [20,1,16] [20,1,16]
2.524 0 [7,8,11] [7,8,11]
2.523 0 [6,4,10] [6,4,10]
2.522 0 [23,1,2] [23,1,2]
2.521 0 [17,10,19] [17,10,19]
2.520 0 [16,1,3] [16,1,3]
2.51f 0 [1,23,21] [1,23,21]
2.51e 0 [18,7,0] [18,7,0]
2.51d 0 [19,15,3] [19,15,3]
2.51c 0 [21,23,1] [21,23,1]
2.51b 0 [0,9,18] [0,9,18]
2.51a 0 [9,11,5] [9,11,5]
2.519 0 [5,7,3] [5,7,3]
2.518 0 [19,20,13] [19,20,13]
2.517 0 [15,20,7] [15,20,7]
2.516 0 [13,2,6] [13,2,6]
2.515 0 [23,19,5] [23,19,5]
2.514 0 [11,22,2] [11,22,2]
2.513 0 [18,4,17] [18,4,17]
2.512 0 [2,13,3] [2,13,3]
2.511 0 [0,15,2] [0,15,2]
2.510 0 [23,5,21] [23,5,21]
2.50f 0 [4,1,6] [4,1,6]
2.50e 0 [14,1,6] [14,1,6]
2.50d 0 [4,10,20] [4,10,20]
2.50c 0 [9,3,18] [9,3,18]
2.50b 0 [14,20,10] [14,20,10]
2.50a 0 [16,8,23] [16,8,23]
2.509 0 [3,14,10] [3,14,10]
2.508 0 [3,16,8] [3,16,8]
2.507 0 [23,16,18] [23,16,18]
2.506 0 [3,7,18] [3,7,18]
2.505 0 [22,2,0] [22,2,0]
2.504 0 [4,20,5] [4,20,5]
2.503 0 [6,22,14] [6,22,14]
2.502 0 [19,8,0] [19,8,0]
2.501 0 [6,4,15] [6,4,15]
2.500 0 [2,6,8] [2,6,8]
2.4ff 0 [19,11,8] [19,11,8]
2.4fe 0 [14,22,3] [14,22,3]
2.4fd 0 [20,22,19] [20,22,19]
2.4fc 0 [22,0,2] [22,0,2]
2.4fb 0 [21,18,3] [21,18,3]
2.4fa 0 [4,0,10] [4,0,10]
2.4f9 0 [14,6,13] [14,6,13]
2.4f8 0 [14,11,15] [14,11,15]
2.4f7 0 [21,13,6] [21,13,6]
2.4f6 0 [14,6,13] [14,6,13]
2.4f5 0 [10,11,2] [10,11,2]
2.4f4 0 [8,20,14] [8,20,14]
2.4f3 0 [13,14,0] [13,14,0]
2.4f2 0 [7,22,3] [7,22,3]
2.4f1 0 [1,4,3] [1,4,3]
2.4f0 0 [9,6,22] [9,6,22]
2.4ef 0 [8,19,6] [8,19,6]
2.4ee 0 [10,20,9] [10,20,9]
2.4ed 0 [2,1,6] [2,1,6]
2.4ec 0 [13,0,7] [13,0,7]
2.4eb 0 [5,19,11] [5,19,11]
2.4ea 0 [7,10,11] [7,10,11]
2.4e9 0 [7,5,3] [7,5,3]
2.4e8 0 [11,15,16] [11,15,16]
2.4e7 0 [23,18,4] [23,18,4]
2.4e6 0 [21,1,17] [21,1,17]
2.4e5 0 [0,9,1] [0,9,1]
2.4e4 0 [14,17,10] [14,17,10]
2.4e3 0 [8,2,0] [8,2,0]
2.4e2 0 [2,20,22] [2,20,22]
2.4e1 0 [6,9,22] [6,9,22]
2.4e0 0 [11,21,8] [11,21,8]
2.4df 0 [22,21,17] [22,21,17]
2.4de 0 [8,6,21] [8,6,21]
2.4dd 0 [6,10,4] [6,10,4]
2.4dc 0 [11,9,5] [11,9,5]
2.4db 0 [14,13,6] [14,13,6]
2.4da 0 [8,16,23] [8,16,23]
2.4d9 0 [21,5,17] [21,5,17]
2.4d8 0 [23,1,4] [23,1,4]
2.4d7 0 [14,6,1] [14,6,1]
2.4d6 0 [14,10,0] [14,10,0]
2.4d5 0 [19,17,15] [19,17,15]
2.4d4 0 [6,2,22] [6,2,22]
2.4d3 0 [14,18,6] [14,18,6]
2.4d2 0 [7,0,13] [7,0,13]
2.4d1 0 [14,17,1] [14,17,1]
2.4d0 0 [9,13,3] [9,13,3]
2.4cf 0 [17,15,2] [17,15,2]
2.4ce 0 [8,19,20] [8,19,20]
2.4cd 0 [19,8,20] [19,8,20]
2.4cc 0 [19,20,1] [19,20,1]
2.4cb 0 [17,9,15] [17,9,15]
2.4ca 0 [14,5,6] [14,5,6]
2.4c9 0 [4,8,20] [4,8,20]
2.4c8 0 [19,5,11] [19,5,11]
2.4c7 0 [22,23,9] [22,23,9]
2.4c6 0 [2,5,0] [2,5,0]
2.4c5 0 [10,17,16] [10,17,16]
2.4c4 0 [11,13,4] [11,13,4]
2.4c3 0 [7,0,15] [7,0,15]
2.4c2 0 [6,16,10] [6,16,10]
2.4c1 0 [14,17,8] [14,17,8]
2.4c0 0 [10,3,16] [10,3,16]
2.4bf 0 [11,1,19] [11,1,19]
2.4be 0 [23,10,16] [23,10,16]
2.4bd 0 [8,6,19] [8,6,19]
2.4bc 0 [14,10,3] [14,10,3]
2.4bb 0 [17,18,7] [17,18,7]
2.4ba 0 [17,21,10] [17,21,10]
2.4b9 0 [3,14,1] [3,14,1]
2.4b8 0 [22,17,21] [22,17,21]
2.4b7 0 [18,23,9] [18,23,9]
2.4b6 0 [11,4,5] [11,4,5]
2.4b5 0 [1,14,20] [1,14,20]
2.4b4 0 [2,5,17] [2,5,17]
2.4b3 0 [13,4,17] [13,4,17]
2.4b2 0 [6,1,9] [6,1,9]
2.4b1 0 [17,4,18] [17,4,18]
2.4b0 0 [23,4,22] [23,4,22]
2.4af 0 [18,7,0] [18,7,0]
2.4ae 0 [15,21,6] [15,21,6]
2.4ad 0 [17,4,22] [17,4,22]
2.4ac 0 [16,6,1] [16,6,1]
2.4ab 0 [8,7,23] [8,7,23]
2.4aa 0 [8,3,16] [8,3,16]
2.4a9 0 [6,22,2] [6,22,2]
2.4a8 0 [4,17,8] [4,17,8]
2.4a7 0 [9,11,18] [9,11,18]
2.4a6 0 [15,17,21] [15,17,21]
2.4a5 0 [0,9,8] [0,9,8]
2.4a4 0 [8,23,9] [8,23,9]
2.4a3 0 [7,15,20] [7,15,20]
2.4a2 0 [5,14,11] [5,14,11]
2.4a1 0 [10,16,0] [10,16,0]
2.4a0 0 [23,16,18] [23,16,18]
2.49f 0 [15,19,11] [15,19,11]
2.49e 0 [15,0,16] [15,0,16]
2.49d 0 [4,23,13] [4,23,13]
2.49c 0 [18,19,23] [18,19,23]
2.49b 0 [16,20,8] [16,20,8]
2.49a 0 [2,17,5] [2,17,5]
2.499 0 [8,20,14] [8,20,14]
2.498 0 [3,22,21] [3,22,21]
2.497 0 [11,10,21] [11,10,21]
2.496 0 [21,13,11] [21,13,11]
2.495 0 [20,13,9] [20,13,9]
2.494 0 [11,22,21] [11,22,21]
2.493 0 [20,13,2] [20,13,2]
2.492 0 [23,15,14] [23,15,14]
2.491 0 [13,14,23] [13,14,23]
2.490 0 [19,8,20] [19,8,20]
2.48f 0 [15,21,0] [15,21,0]
2.48e 0 [19,15,0] [19,15,0]
2.48d 0 [19,18,6] [19,18,6]
2.48c 0 [22,21,0] [22,21,0]
2.48b 0 [0,9,13] [0,9,13]
2.48a 0 [5,20,21] [5,20,21]
2.489 0 [17,10,16] [17,10,16]
2.488 0 [5,6,19] [5,6,19]
2.487 0 [13,4,6] [13,4,6]
2.486 0 [9,17,13] [9,17,13]
2.485 0 [2,15,0] [2,15,0]
2.484 0 [18,4,11] [18,4,11]
2.483 0 [4,0,18] [4,0,18]
2.482 0 [18,19,11] [18,19,11]
2.481 0 [15,7,23] [15,7,23]
2.480 0 [19,3,18] [19,3,18]
2.47f 0 [8,23,19] [8,23,19]
2.47e 0 [18,3,4] [18,3,4]
2.47d 0 [0,19,8] [0,19,8]
2.47c 0 [7,6,5] [7,6,5]
2.47b 0 [1,3,16] [1,3,16]
2.47a 0 [0,16,8] [0,16,8]
2.479 0 [21,11,15] [21,11,15]
2.478 0 [7,10,3] [7,10,3]
2.477 0 [15,7,0] [15,7,0]
2.476 0 [21,10,0] [21,10,0]
2.475 0 [0,7,18] [0,7,18]
2.474 0 [18,20,21] [18,20,21]
2.473 0 [18,7,0] [18,7,0]
2.472 0 [6,10,2] [6,10,2]
2.471 0 [21,15,0] [21,15,0]
2.470 0 [22,21,23] [22,21,23]
2.46f 0 [19,6,1] [19,6,1]
2.46e 0 [11,15,19] [11,15,19]
2.46d 0 [14,17,22] [14,17,22]
2.46c 0 [3,1,21] [3,1,21]
2.46b 0 [23,2,18] [23,2,18]
2.46a 0 [4,3,18] [4,3,18]
2.469 0 [10,16,20] [10,16,20]
2.468 0 [22,9,0] [22,9,0]
2.467 0 [5,2,17] [5,2,17]
2.466 0 [9,17,5] [9,17,5]
2.465 0 [5,16,6] [5,16,6]
2.464 0 [6,19,22] [6,19,22]
2.463 0 [23,13,21] [23,13,21]
2.462 0 [17,2,10] [17,2,10]
2.461 0 [7,22,3] [7,22,3]
2.460 0 [4,11,10] [4,11,10]
2.45f 0 [17,15,14] [17,15,14]
2.45e 0 [6,16,8] [6,16,8]
2.45d 0 [11,16,13] [11,16,13]
2.45c 0 [7,18,3] [7,18,3]
2.45b 0 [10,9,17] [10,9,17]
2.45a 0 [17,15,21] [17,15,21]
2.459 0 [8,21,3] [8,21,3]
2.458 0 [14,1,0] [14,1,0]
2.457 0 [15,2,23] [15,2,23]
2.456 0 [13,9,6] [13,9,6]
2.455 0 [16,18,17] [16,18,17]
2.454 0 [17,16,18] [17,16,18]
2.453 0 [14,10,20] [14,10,20]
2.452 0 [1,0,7] [1,0,7]
2.451 0 [2,18,20] [2,18,20]
2.450 0 [6,19,13] [6,19,13]
2.44f 0 [1,17,2] [1,17,2]
2.44e 0 [8,16,3] [8,16,3]
2.44d 0 [13,6,7] [13,6,7]
2.44c 0 [15,23,16] [15,23,16]
2.44b 0 [5,9,17] [5,9,17]
2.44a 0 [2,0,15] [2,0,15]
2.449 0 [0,14,22] [0,14,22]
2.448 0 [21,6,13] [21,6,13]
2.447 0 [11,10,21] [11,10,21]
2.446 0 [15,9,23] [15,9,23]
2.445 0 [14,10,3] [14,10,3]
2.444 0 [3,18,16] [3,18,16]
2.443 0 [16,17,22] [16,17,22]
2.442 0 [18,2,3] [18,2,3]
2.441 0 [9,23,18] [9,23,18]
2.440 0 [17,7,18] [17,7,18]
2.43f 0 [10,16,3] [10,16,3]
2.43e 0 [22,2,0] [22,2,0]
2.43d 0 [22,14,3] [22,14,3]
2.43c 0 [23,5,2] [23,5,2]
2.43b 0 [19,15,11] [19,15,11]
2.43a 0 [15,16,20] [15,16,20]
2.439 0 [14,10,3] [14,10,3]
2.438 0 [1,14,6] [1,14,6]
2.437 0 [0,10,4] [0,10,4]
2.436 0 [7,13,23] [7,13,23]
2.435 0 [6,10,4] [6,10,4]
2.434 0 [23,13,9] [23,13,9]
2.433 0 [18,11,9] [18,11,9]
2.432 0 [1,21,20] [1,21,20]
2.431 0 [16,23,22] [16,23,22]
2.430 0 [16,13,20] [16,13,20]
2.42f 0 [14,11,5] [14,11,5]
2.42e 0 [15,20,4] [15,20,4]
2.42d 0 [4,15,23] [4,15,23]
2.42c 0 [20,13,14] [20,13,14]
2.42b 0 [1,11,16] [1,11,16]
2.42a 0 [23,22,2] [23,22,2]
2.429 0 [8,23,9] [8,23,9]
2.428 0 [3,16,1] [3,16,1]
2.427 0 [1,6,21] [1,6,21]
2.426 0 [22,20,16] [22,20,16]
2.425 0 [9,1,23] [9,1,23]
2.424 0 [3,21,15] [3,21,15]
2.423 0 [3,21,5] [3,21,5]
2.422 0 [8,23,21] [8,23,21]
2.421 0 [21,20,1] [21,20,1]
2.420 0 [21,11,22] [21,11,22]
2.41f 0 [13,7,17] [13,7,17]
2.41e 0 [19,13,0] [19,13,0]
2.41d 0 [19,20,8] [19,20,8]
2.41c 1 [5,19,11] [5,19,11]
2.41b 0 [18,20,2] [18,20,2]
2.41a 0 [21,0,15] [21,0,15]
2.419 0 [11,19,22] [11,19,22]
2.418 0 [1,4,11] [1,4,11]
2.417 0 [10,7,3] [10,7,3]
2.416 0 [3,8,7] [3,8,7]
2.415 0 [10,7,0] [10,7,0]
2.414 0 [16,22,20] [16,22,20]
2.413 0 [0,2,1] [0,2,1]
2.412 0 [1,3,2] [1,3,2]
2.411 0 [13,0,21] [13,0,21]
2.410 0 [23,16,15] [23,16,15]
2.40f 0 [8,3,7] [8,3,7]
2.40e 0 [14,11,1] [14,11,1]
2.40d 0 [14,3,13] [14,3,13]
2.40c 0 [5,3,16] [5,3,16]
2.40b 0 [20,7,10] [20,7,10]
2.40a 0 [16,22,3] [16,22,3]
2.409 0 [20,10,7] [20,10,7]
2.408 0 [18,14,23] [18,14,23]
2.407 0 [18,21,6] [18,21,6]
2.406 0 [20,13,21] [20,13,21]
2.405 0 [13,23,7] [13,23,7]
2.404 0 [23,5,19] [23,5,19]
2.403 0 [5,19,20] [5,19,20]
2.402 0 [18,6,16] [18,6,16]
2.401 0 [13,17,9] [13,17,9]
2.400 0 [23,16,15] [23,16,15]
2.3ff 0 [14,0,5] [14,0,5]
2.3fe 0 [17,14,18] [17,14,18]
2.3fd 0 [18,7,3] [18,7,3]
2.3fc 0 [23,22,4] [23,22,4]
2.3fb 0 [11,8,7] [11,8,7]
2.3fa 0 [5,6,19] [5,6,19]
2.3f9 0 [11,4,13] [11,4,13]
2.3f8 0 [18,11,21] [18,11,21]
2.3f7 0 [16,6,22] [16,6,22]
2.3f6 0 [17,16,18] [17,16,18]
2.3f5 0 [9,5,3] [9,5,3]
2.3f4 0 [9,20,10] [9,20,10]
2.3f3 0 [19,18,17] [19,18,17]
2.3f2 0 [3,16,10] [3,16,10]
2.3f1 0 [20,15,7] [20,15,7]
2.3f0 0 [11,14,22] [11,14,22]
2.3ef 0 [1,11,7] [1,11,7]
2.3ee 0 [4,22,17] [4,22,17]
2.3ed 0 [17,9,5] [17,9,5]
2.3ec 0 [20,15,14] [20,15,14]
2.3eb 0 [20,19,13] [20,19,13]
2.3ea 0 [4,15,20] [4,15,20]
2.3e9 0 [9,15,0] [9,15,0]
2.3e8 0 [2,11,5] [2,11,5]
2.3e7 0 [22,6,9] [22,6,9]
2.3e6 0 [5,16,6] [5,16,6]
2.3e5 0 [21,17,1] [21,17,1]
2.3e4 0 [17,2,8] [17,2,8]
2.3e3 0 [16,13,20] [16,13,20]
2.3e2 0 [20,15,2] [20,15,2]
2.3e1 0 [4,22,17] [4,22,17]
2.3e0 0 [6,9,1] [6,9,1]
2.3df 0 [14,1,3] [14,1,3]
2.3de 0 [23,13,21] [23,13,21]
2.3dd 0 [18,17,4] [18,17,4]
2.3dc 0 [14,18,0] [14,18,0]
2.3db 0 [9,1,0] [9,1,0]
2.3da 0 [23,18,4] [23,18,4]
2.3d9 0 [22,17,14] [22,17,14]
2.3d8 0 [4,8,23] [4,8,23]
2.3d7 0 [10,0,14] [10,0,14]
2.3d6 0 [15,17,21] [15,17,21]
2.3d5 0 [23,10,14] [23,10,14]
2.3d4 0 [13,3,14] [13,3,14]
2.3d3 0 [2,17,18] [2,17,18]
2.3d2 0 [8,7,11] [8,7,11]
2.3d1 0 [14,15,20] [14,15,20]
2.3d0 0 [22,17,2] [22,17,2]
2.3cf 0 [8,23,21] [8,23,21]
2.3ce 0 [6,14,5] [6,14,5]
2.3cd 0 [0,22,2] [0,22,2]
2.3cc 0 [22,16,17] [22,16,17]
2.3cb 0 [3,14,8] [3,14,8]
2.3ca 0 [18,7,23] [18,7,23]
2.3c9 0 [17,1,7] [17,1,7]
2.3c8 0 [11,14,8] [11,14,8]
2.3c7 0 [18,19,20] [18,19,20]
2.3c6 0 [2,18,23] [2,18,23]
2.3c5 0 [0,19,18] [0,19,18]
2.3c4 0 [22,11,21] [22,11,21]
2.3c3 0 [23,14,10] [23,14,10]
2.3c2 0 [11,1,14] [11,1,14]
2.3c1 0 [5,4,17] [5,4,17]
2.3c0 0 [14,6,13] [14,6,13]
2.3bf 0 [8,16,11] [8,16,11]
2.3be 0 [22,16,11] [22,16,11]
2.3bd 0 [10,14,6] [10,14,6]
2.3bc 0 [16,0,22] [16,0,22]
2.3bb 0 [14,18,6] [14,18,6]
2.3ba 0 [10,3,9] [10,3,9]
2.3b9 0 [13,9,3] [13,9,3]
2.3b8 0 [18,2,17] [18,2,17]
2.3b7 0 [19,15,11] [19,15,11]
2.3b6 0 [10,19,20] [10,19,20]
2.3b5 0 [21,0,10] [21,0,10]
2.3b4 0 [16,0,10] [16,0,10]
2.3b3 0 [16,17,15] [16,17,15]
2.3b2 0 [23,18,19] [23,18,19]
2.3b1 0 [2,11,13] [2,11,13]
2.3b0 0 [5,3,19] [5,3,19]
2.3af 0 [14,5,3] [14,5,3]
2.3ae 0 [2,15,17] [2,15,17]
2.3ad 0 [0,1,14] [0,1,14]
2.3ac 0 [4,3,8] [4,3,8]
2.3ab 0 [7,11,5] [7,11,5]
2.3aa 0 [15,23,21] [15,23,21]
2.3a9 0 [6,4,10] [6,4,10]
2.3a8 0 [0,13,7] [0,13,7]
2.3a7 0 [9,13,11] [9,13,11]
2.3a6 0 [16,0,13] [16,0,13]
2.3a5 0 [4,3,5] [4,3,5]
2.3a4 0 [7,10,6] [7,10,6]
2.3a3 0 [3,14,10] [3,14,10]
2.3a2 0 [21,11,10] [21,11,10]
2.3a1 0 [7,8,3] [7,8,3]
2.3a0 0 [22,11,16] [22,11,16]
2.39f 0 [10,0,19] [10,0,19]
2.39e 0 [21,18,20] [21,18,20]
2.39d 0 [2,13,20] [2,13,20]
2.39c 0 [23,13,16] [23,13,16]
2.39b 0 [17,14,22] [17,14,22]
2.39a 0 [17,1,16] [17,1,16]
2.399 0 [21,17,5] [21,17,5]
2.398 0 [15,4,17] [15,4,17]
2.397 0 [0,19,15] [0,19,15]
2.396 0 [5,17,4] [5,17,4]
2.395 0 [21,3,8] [21,3,8]
2.394 0 [9,6,13] [9,6,13]
2.393 0 [23,21,8] [23,21,8]
2.392 0 [23,10,4] [23,10,4]
2.391 0 [8,9,11] [8,9,11]
2.390 0 [14,13,23] [14,13,23]
2.38f 0 [2,8,11] [2,8,11]
2.38e 0 [8,6,4] [8,6,4]
2.38d 0 [0,9,15] [0,9,15]
2.38c 0 [1,2,0] [1,2,0]
2.38b 0 [23,15,7] [23,15,7]
2.38a 0 [13,17,9] [13,17,9]
2.389 0 [10,7,3] [10,7,3]
2.388 0 [9,20,13] [9,20,13]
2.387 0 [4,18,3] [4,18,3]
2.386 0 [3,14,18] [3,14,18]
2.385 0 [6,21,15] [6,21,15]
2.384 0 [13,19,6] [13,19,6]
2.383 0 [5,6,16] [5,6,16]
2.382 0 [17,10,16] [17,10,16]
2.381 0 [0,1,9] [0,1,9]
2.380 0 [16,17,22] [16,17,22]
2.37f 0 [16,23,8] [16,23,8]
2.37e 0 [15,9,17] [15,9,17]
2.37d 0 [16,13,3] [16,13,3]
2.37c 0 [2,8,17] [2,8,17]
2.37b 0 [5,7,3] [5,7,3]
2.37a 0 [23,10,7] [23,10,7]
2.379 0 [9,23,5] [9,23,5]
2.378 0 [19,15,3] [19,15,3]
2.377 0 [8,20,2] [8,20,2]
2.376 0 [21,0,22] [21,0,22]
2.375 0 [13,11,16] [13,11,16]
2.374 0 [14,0,1] [14,0,1]
2.373 0 [21,15,11] [21,15,11]
2.372 0 [1,6,4] [1,6,4]
2.371 0 [10,0,14] [10,0,14]
2.370 0 [20,13,4] [20,13,4]
2.36f 0 [18,0,19] [18,0,19]
2.36e 0 [16,17,1] [16,17,1]
2.36d 0 [14,0,18] [14,0,18]
2.36c 0 [19,11,15] [19,11,15]
2.36b 0 [1,21,23] [1,21,23]
2.36a 0 [2,17,1] [2,17,1]
2.369 0 [1,21,20] [1,21,20]
2.368 0 [2,17,22] [2,17,22]
2.367 0 [23,15,16] [23,15,16]
2.366 0 [16,13,6] [16,13,6]
2.365 0 [15,11,19] [15,11,19]
2.364 0 [17,8,21] [17,8,21]
2.363 0 [11,5,9] [11,5,9]
2.362 0 [13,6,4] [13,6,4]
2.361 0 [3,18,9] [3,18,9]
2.360 0 [13,14,0] [13,14,0]
2.35f 0 [18,0,21] [18,0,21]
2.35e 0 [22,2,6] [22,2,6]
2.35d 0 [6,1,4] [6,1,4]
2.35c 0 [7,5,3] [7,5,3]
2.35b 0 [6,15,4] [6,15,4]
2.35a 0 [8,0,9] [8,0,9]
2.359 0 [9,10,6] [9,10,6]
2.358 0 [3,15,14] [3,15,14]
2.357 0 [22,17,19] [22,17,19]
2.356 0 [5,11,14] [5,11,14]
2.355 0 [4,22,3] [4,22,3]
2.354 0 [3,22,16] [3,22,16]
2.353 0 [9,17,5] [9,17,5]
2.352 0 [10,11,2] [10,11,2]
2.351 0 [7,15,0] [7,15,0]
2.350 0 [2,5,6] [2,5,6]
2.34f 0 [14,23,13] [14,23,13]
2.34e 0 [8,21,20] [8,21,20]
2.34d 0 [22,11,2] [22,11,2]
2.34c 0 [9,23,1] [9,23,1]
2.34b 0 [9,13,17] [9,13,17]
2.34a 0 [18,4,11] [18,4,11]
2.349 0 [13,19,6] [13,19,6]
2.348 0 [21,0,1] [21,0,1]
2.347 0 [4,11,5] [4,11,5]
2.346 0 [6,9,10] [6,9,10]
2.345 0 [14,3,8] [14,3,8]
2.344 0 [19,23,5] [19,23,5]
2.343 0 [23,4,1] [23,4,1]
2.342 0 [9,11,13] [9,11,13]
2.341 0 [7,20,1] [7,20,1]
2.340 0 [19,5,17] [19,5,17]
2.33f 0 [8,16,6] [8,16,6]
2.33e 0 [0,18,2] [0,18,2]
2.33d 0 [21,23,13] [21,23,13]
2.33c 0 [4,1,3] [4,1,3]
2.33b 0 [6,10,2] [6,10,2]
2.33a 0 [8,21,11] [8,21,11]
2.339 0 [0,22,16] [0,22,16]
2.338 0 [18,3,4] [18,3,4]
2.337 0 [11,2,1] [11,2,1]
2.336 0 [15,20,2] [15,20,2]
2.335 0 [3,21,13] [3,21,13]
2.334 0 [0,21,5] [0,21,5]
2.333 0 [7,5,17] [7,5,17]
2.332 0 [8,23,21] [8,23,21]
2.331 0 [3,8,21] [3,8,21]
2.330 0 [5,6,19] [5,6,19]
2.32f 0 [15,9,11] [15,9,11]
2.32e 0 [22,7,20] [22,7,20]
2.32d 0 [8,2,11] [8,2,11]
2.32c 0 [23,10,9] [23,10,9]
2.32b 0 [21,0,8] [21,0,8]
2.32a 0 [17,5,16] [17,5,16]
2.329 0 [13,0,4] [13,0,4]
2.328 0 [11,14,13] [11,14,13]
2.327 0 [20,2,10] [20,2,10]
2.326 0 [2,20,5] [2,20,5]
2.325 0 [5,21,23] [5,21,23]
2.324 0 [22,4,17] [22,4,17]
2.323 0 [19,10,17] [19,10,17]
2.322 0 [7,20,10] [7,20,10]
2.321 0 [4,3,1] [4,3,1]
2.320 0 [13,16,11] [13,16,11]
2.31f 0 [0,21,1] [0,21,1]
2.31e 0 [22,7,17] [22,7,17]
2.31d 0 [21,10,0] [21,10,0]
2.31c 0 [0,18,21] [0,18,21]
2.31b 0 [5,3,21] [5,3,21]
2.31a 0 [22,7,3] [22,7,3]
2.319 0 [18,3,16] [18,3,16]
2.318 0 [21,11,1] [21,11,1]
2.317 0 [7,22,3] [7,22,3]
2.316 0 [8,11,14] [8,11,14]
2.315 0 [23,15,2] [23,15,2]
2.314 0 [10,19,23] [10,19,23]
2.313 0 [3,2,1] [3,2,1]
2.312 0 [1,0,21] [1,0,21]
2.311 0 [9,23,1] [9,23,1]
2.310 0 [7,17,13] [7,17,13]
2.30f 0 [10,19,3] [10,19,3]
2.30e 0 [13,17,7] [13,17,7]
2.30d 0 [14,0,22] [14,0,22]
2.30c 0 [10,9,20] [10,9,20]
2.30b 0 [15,2,6] [15,2,6]
2.30a 0 [17,8,2] [17,8,2]
2.309 0 [23,14,8] [23,14,8]
2.308 0 [19,5,0] [19,5,0]
2.307 0 [0,13,21] [0,13,21]
2.306 0 [11,1,16] [11,1,16]
2.305 0 [16,15,17] [16,15,17]
2.304 0 [2,18,20] [2,18,20]
2.303 0 [16,1,3] [16,1,3]
2.302 0 [20,9,1] [20,9,1]
2.301 0 [23,13,2] [23,13,2]
2.300 0 [10,23,19] [10,23,19]
2.2ff 0 [4,20,1] [4,20,1]
2.2fe 0 [22,0,21] [22,0,21]
2.2fd 0 [9,22,11] [9,22,11]
2.2fc 0 [20,15,16] [20,15,16]
2.2fb 0 [13,4,23] [13,4,23]
2.2fa 0 [14,6,13] [14,6,13]
2.2f9 0 [3,15,21] [3,15,21]
2.2f8 0 [17,15,4] [17,15,4]
2.2f7 0 [18,16,6] [18,16,6]
2.2f6 0 [9,22,11] [9,22,11]
2.2f5 0 [6,13,9] [6,13,9]
2.2f4 0 [18,11,9] [18,11,9]
2.2f3 0 [0,13,9] [0,13,9]
2.2f2 0 [19,0,22] [19,0,22]
2.2f1 0 [19,18,20] [19,18,20]
2.2f0 0 [17,9,8] [17,9,8]
2.2ef 0 [17,1,9] [17,1,9]
2.2ee 0 [13,23,7] [13,23,7]
2.2ed 0 [9,18,11] [9,18,11]
2.2ec 0 [22,19,17] [22,19,17]
2.2eb 0 [22,6,9] [22,6,9]
2.2ea 0 [19,3,8] [19,3,8]
2.2e9 0 [19,18,11] [19,18,11]
2.2e8 0 [22,7,20] [22,7,20]
2.2e7 0 [11,4,1] [11,4,1]
2.2e6 0 [17,22,4] [17,22,4]
2.2e5 0 [4,22,6] [4,22,6]
2.2e4 0 [22,2,11] [22,2,11]
2.2e3 0 [17,4,18] [17,4,18]
2.2e2 0 [7,6,1] [7,6,1]
2.2e1 0 [16,0,22] [16,0,22]
2.2e0 0 [15,19,17] [15,19,17]
2.2df 0 [6,14,5] [6,14,5]
2.2de 0 [17,18,7] [17,18,7]
2.2dd 0 [22,11,19] [22,11,19]
2.2dc 0 [0,16,13] [0,16,13]
2.2db 0 [6,21,1] [6,21,1]
2.2da 0 [3,10,14] [3,10,14]
2.2d9 0 [15,0,2] [15,0,2]
2.2d8 0 [3,18,4] [3,18,4]
2.2d7 0 [18,2,11] [18,2,11]
2.2d6 0 [18,17,19] [18,17,19]
2.2d5 0 [10,3,21] [10,3,21]
2.2d4 0 [23,1,19] [23,1,19]
2.2d3 0 [11,21,5] [11,21,5]
2.2d2 0 [1,11,7] [1,11,7]
2.2d1 0 [5,21,17] [5,21,17]
2.2d0 0 [10,17,16] [10,17,16]
2.2cf 0 [17,19,1] [17,19,1]
2.2ce 0 [18,4,0] [18,4,0]
2.2cd 0 [16,10,23] [16,10,23]
2.2cc 0 [20,4,1] [20,4,1]
2.2cb 0 [14,3,22] [14,3,22]
2.2ca 0 [5,6,9] [5,6,9]
2.2c9 0 [5,11,2] [5,11,2]
2.2c8 0 [7,22,23] [7,22,23]
2.2c7 0 [0,13,14] [0,13,14]
2.2c6 0 [3,21,18] [3,21,18]
2.2c5 0 [7,17,8] [7,17,8]
2.2c4 0 [9,8,3] [9,8,3]
2.2c3 0 [17,5,16] [17,5,16]
2.2c2 0 [20,7,15] [20,7,15]
2.2c1 0 [20,5,2] [20,5,2]
2.2c0 0 [19,0,10] [19,0,10]
2.2bf 0 [5,16,11] [5,16,11]
2.2be 0 [0,4,18] [0,4,18]
2.2bd 0 [9,13,0] [9,13,0]
2.2bc 0 [20,15,21] [20,15,21]
2.2bb 0 [1,2,3] [1,2,3]
2.2ba 0 [4,20,8] [4,20,8]
2.2b9 0 [5,23,21] [5,23,21]
2.2b8 0 [4,1,20] [4,1,20]
2.2b7 0 [9,10,20] [9,10,20]
2.2b6 0 [4,8,11] [4,8,11]
2.2b5 0 [3,13,19] [3,13,19]
2.2b4 0 [2,13,20] [2,13,20]
2.2b3 0 [15,6,4] [15,6,4]
2.2b2 0 [14,3,1] [14,3,1]
2.2b1 0 [20,13,2] [20,13,2]
2.2b0 0 [16,18,0] [16,18,0]
2.2af 0 [23,21,15] [23,21,15]
2.2ae 0 [3,16,18] [3,16,18]
2.2ad 0 [21,6,22] [21,6,22]
2.2ac 0 [18,4,17] [18,4,17]
2.2ab 0 [10,21,20] [10,21,20]
2.2aa 0 [2,22,23] [2,22,23]
2.2a9 0 [1,23,7] [1,23,7]
2.2a8 0 [0,14,8] [0,14,8]
2.2a7 0 [14,20,10] [14,20,10]
2.2a6 0 [4,13,11] [4,13,11]
2.2a5 0 [1,23,16] [1,23,16]
2.2a4 0 [19,23,1] [19,23,1]
2.2a3 0 [0,16,8] [0,16,8]
2.2a2 0 [17,19,10] [17,19,10]
2.2a1 0 [14,23,1] [14,23,1]
2.2a0 0 [4,22,11] [4,22,11]
2.29f 0 [7,11,5] [7,11,5]
2.29e 0 [5,9,0] [5,9,0]
2.29d 0 [7,3,15] [7,3,15]
2.29c 0 [8,16,17] [8,16,17]
2.29b 0 [0,2,5] [0,2,5]
2.29a 0 [5,7,23] [5,7,23]
2.299 0 [8,11,19] [8,11,19]
2.298 0 [11,10,19] [11,10,19]
2.297 0 [10,20,9] [10,20,9]
2.296 0 [21,20,5] [21,20,5]
2.295 0 [10,6,14] [10,6,14]
2.294 0 [7,6,15] [7,6,15]
2.293 0 [22,9,0] [22,9,0]
2.292 0 [21,17,15] [21,17,15]
2.291 0 [18,7,17] [18,7,17]
2.290 0 [3,4,22] [3,4,22]
2.28f 0 [3,2,1] [3,2,1]
2.28e 0 [20,5,16] [20,5,16]
2.28d 0 [5,7,3] [5,7,3]
2.28c 0 [2,20,22] [2,20,22]
3.87 0 [22,21,23] [22,21,23]
2.86 0 [2,17,13] [2,17,13]
1.85 0 [10,20,9] [10,20,9]
4.80 17 [3,9,10] [3,9,10]
5.81 0 [35,27,28] [35,27,28]
3.86 0 [0,5,2] [0,5,2]
2.87 0 [20,22,16] [20,22,16]
1.84 0 [16,15,23] [16,15,23]
4.81 24 [0,2,15] [0,2,15]
5.80 5 [26,24,28] [26,24,28]
3.81 0 [2,20,22] [2,20,22]
2.80 0 [1,0,14] [1,0,14]
1.83 0 [20,1,7] [20,1,7]
4.86 16 [16,11,15] [16,11,15]
5.87 5 [31,32,24] [31,32,24]
3.80 0 [2,5,3] [2,5,3]
2.81 0 [7,6,22] [7,6,22]
1.82 0 [7,18,17] [7,18,17]
4.87 22 [11,9,22] [11,9,22]
5.86 3 [33,32,28] [33,32,28]
3.83 0 [17,21,8] [17,21,8]
2.82 0 [9,15,20] [9,15,20]
1.81 0 [3,22,4] [3,22,4]
4.84 10 [3,15,9] [3,15,9]
5.85 9 [27,26,25] [27,26,25]
3.82 0 [17,2,8] [17,2,8]
2.83 0 [8,9,20] [8,9,20]
1.80 0 [7,13,0] [7,13,0]
4.85 16 [11,18,4] [11,18,4]
5.84 4 [24,25,32] [24,25,32]
3.7d 0 [0,7,15] [0,7,15]
2.7c 0 [13,19,6] [13,19,6]
1.7f 0 [20,5,9] [20,5,9]
4.7a 14 [20,19,1] [20,19,1]
5.7b 5 [30,26,34] [30,26,34]
3.7c 0 [17,13,21] [17,13,21]
2.7d 0 [13,9,6] [13,9,6]
1.7e 0 [16,17,15] [16,17,15]
4.7b 14 [11,21,10] [11,21,10]
5.7a 4 [33,26,25] [33,26,25]
3.7f 0 [9,13,6] [9,13,6]
2.7e 0 [1,20,14] [1,20,14]
1.7d 0 [10,11,14] [10,11,14]
4.78 16 [2,22,23] [2,22,23]
5.79 4 [30,32,34] [30,32,34]
3.7e 0 [20,16,5] [20,16,5]
2.7f 0 [22,7,17] [22,7,17]
1.7c 0 [22,3,2] [22,3,2]
4.79 18 [10,21,11] [10,21,11]
5.78 3 [28,32,30] [28,32,30]
3.79 0 [16,15,6] [16,15,6]
2.78 0 [10,23,2] [10,23,2]
1.7b 0 [23,14,5] [23,14,5]
4.7e 15 [1,14,11] [1,14,11]
5.7f 3 [24,31,26] [24,31,26]
3.78 0 [18,7,23] [18,7,23]
2.79 0 [5,19,17] [5,19,17]
1.7a 0 [20,1,9] [20,1,9]
4.7f 11 [7,17,1] [7,17,1]
5.7e 3 [27,25,35] [27,25,35]
3.7b 0 [7,23,5] [7,23,5]
2.7a 0 [5,0,19] [5,0,19]
1.79 0 [7,20,10] [7,20,10]
4.7c 16 [22,23,9] [22,23,9]
5.7d 0 [32,31,27] [32,31,27]
3.7a 0 [14,5,0] [14,5,0]
2.7b 0 [3,9,5] [3,9,5]
1.78 0 [22,9,11] [22,9,11]
4.7d 22 [11,1,4] [11,1,4]
5.7c 8 [34,24,35] [34,24,35]
3.75 0 [23,15,4] [23,15,4]
2.74 0 [13,4,17] [13,4,17]
1.77 0 [19,10,23] [19,10,23]
4.72 17 [5,20,21] [5,20,21]
5.73 1 [27,35,28] [27,35,28]
3.74 0 [13,3,4] [13,3,4]
2.75 0 [1,21,0] [1,21,0]
1.76 0 [1,7,17] [1,7,17]
4.73 17 [20,14,10] [20,14,10]
5.72 2 [29,30,25] [29,30,25]
3.77 0 [9,18,23] [9,18,23]
2.76 0 [11,7,5] [11,7,5]
1.75 0 [20,4,22] [20,4,22]
4.70 12 [6,15,21] [6,15,21]
5.71 4 [29,33,31] [29,33,31]
3.76 0 [8,16,23] [8,16,23]
2.77 0 [14,13,20] [14,13,20]
1.74 0 [1,3,9] [1,3,9]
4.71 14 [21,5,11] [21,5,11]
5.70 5 [26,34,33] [26,34,33]
3.71 0 [19,18,11] [19,18,11]
2.70 0 [18,11,9] [18,11,9]
1.73 0 [20,22,2] [20,22,2]
4.76 20 [0,9,8] [0,9,8]
5.77 6 [25,30,35] [25,30,35]
3.70 0 [21,5,23] [21,5,23]
2.71 0 [18,7,3] [18,7,3]
1.72 0 [13,14,3] [13,14,3]
4.77 15 [3,2,5] [3,2,5]
5.76 2 [26,27,31] [26,27,31]
3.73 0 [10,17,14] [10,17,14]
2.72 0 [3,18,14] [3,18,14]
1.71 0 [19,13,0] [19,13,0]
4.74 23 [22,2,6] [22,2,6]
5.75 2 [32,30,28] [32,30,28]
3.72 0 [0,2,13] [0,2,13]
2.73 0 [10,14,0] [10,14,0]
1.70 0 [3,10,14] [3,10,14]
4.75 19 [23,13,14] [23,13,14]
5.74 1 [35,28,27] [35,28,27]
3.6d 0 [14,11,8] [14,11,8]
2.6c 0 [15,6,16] [15,6,16]
1.6f 0 [23,4,10] [23,4,10]
4.6a 11 [14,5,6] [14,5,6]
5.6b 5 [32,30,25] [32,30,25]
3.6c 0 [22,14,20] [22,14,20]
2.6d 0 [22,6,14] [22,6,14]
1.6e 0 [20,16,18] [20,16,18]
4.6b 16 [9,15,17] [9,15,17]
5.6a 3 [27,31,32] [27,31,32]
3.6f 0 [13,2,6] [13,2,6]
2.6e 0 [21,20,18] [21,20,18]
1.6d 0 [8,21,23] [8,21,23]
4.68 21 [2,18,6] [2,18,6]
5.69 4 [24,29,31] [24,29,31]
3.6e 0 [17,15,19] [17,15,19]
2.6f 0 [6,8,9] [6,8,9]
1.6c 0 [21,13,23] [21,13,23]
4.69 20 [13,11,4] [13,11,4]
5.68 2 [35,33,31] [35,33,31]
3.69 0 [10,19,23] [10,19,23]
2.68 0 [9,22,17] [9,22,17]
1.6b 0 [14,18,6] [14,18,6]
4.6e 15 [11,16,8] [11,16,8]
5.6f 2 [28,35,30] [28,35,30]
3.68 0 [23,5,19] [23,5,19]
2.69 0 [9,20,1] [9,20,1]
1.6a 0 [13,6,4] [13,6,4]
4.6f 18 [20,1,14] [20,1,14]
5.6e 4 [25,33,32] [25,33,32]
3.6b 0 [2,20,5] [2,20,5]
2.6a 0 [6,13,16] [6,13,16]
1.69 0 [18,7,17] [18,7,17]
4.6c 25 [23,22,2] [23,22,2]
5.6d 6 [34,33,32] [34,33,32]
3.6a 0 [23,22,19] [23,22,19]
2.6b 0 [18,17,19] [18,17,19]
1.68 0 [7,5,17] [7,5,17]
4.6d 18 [20,7,13] [20,7,13]
5.6c 4 [33,35,28] [33,35,28]
3.65 0 [10,2,0] [10,2,0]
2.64 0 [5,0,9] [5,0,9]
1.67 0 [20,9,1] [20,9,1]
4.62 17 [11,9,22] [11,9,22]
5.63 1 [27,32,34] [27,32,34]
3.64 0 [18,6,14] [18,6,14]
2.65 0 [23,2,1] [23,2,1]
1.66 0 [4,11,18] [4,11,18]
4.63 16 [5,11,7] [5,11,7]
5.62 3 [28,33,29] [28,33,29]
3.67 0 [8,4,17] [8,4,17]
2.66 0 [18,20,7] [18,20,7]
1.65 0 [3,15,19] [3,15,19]
4.60 18 [21,10,20] [21,10,20]
5.61 2 [33,25,32] [33,25,32]
3.66 0 [5,3,14] [5,3,14]
2.67 0 [19,6,5] [19,6,5]
1.64 0 [23,8,19] [23,8,19]
4.61 22 [18,11,16] [18,11,16]
5.60 0 [30,35,31] [30,35,31]
3.61 0 [15,14,17] [15,14,17]
2.60 0 [21,15,23] [21,15,23]
1.63 0 [2,3,10] [2,3,10]
4.66 18 [19,0,10] [19,0,10]
5.67 3 [34,30,35] [34,30,35]
3.60 0 [19,22,0] [19,22,0]
2.61 0 [22,21,20] [22,21,20]
1.62 0 [17,21,5] [17,21,5]
4.67 15 [18,3,4] [18,3,4]
5.66 5 [29,28,27] [29,28,27]
3.63 0 [18,23,16] [18,23,16]
2.62 0 [20,2,18] [20,2,18]
1.61 0 [11,4,5] [11,4,5]
4.64 13 [1,2,11] [1,2,11]
5.65 3 [26,24,34] [26,24,34]
3.62 0 [1,14,0] [1,14,0]
2.63 0 [17,10,4] [17,10,4]
1.60 0 [1,14,11] [1,14,11]
4.65 26 [22,14,11] [22,14,11]
5.64 3 [32,33,31] [32,33,31]
3.5d 0 [4,13,3] [4,13,3]
2.5c 0 [10,17,14] [10,17,14]
1.5f 0 [3,22,19] [3,22,19]
4.5a 23 [5,2,17] [5,2,17]
5.5b 6 [29,25,33] [29,25,33]
3.5c 0 [7,6,5] [7,6,5]
2.5d 0 [9,17,5] [9,17,5]
1.5e 0 [19,17,8] [19,17,8]
4.5b 14 [18,2,11] [18,2,11]
5.5a 5 [30,31,35] [30,31,35]
3.5f 0 [11,5,7] [11,5,7]
2.5e 0 [10,6,9] [10,6,9]
1.5d 0 [9,8,3] [9,8,3]
4.58 20 [17,10,9] [17,10,9]
5.59 4 [35,31,30] [35,31,30]
3.5e 0 [20,10,4] [20,10,4]
2.5f 0 [3,13,7] [3,13,7]
1.5c 0 [7,20,10] [7,20,10]
4.59 17 [22,11,9] [22,11,9]
5.58 3 [32,25,27] [32,25,27]
3.59 0 [5,19,0] [5,19,0]
2.58 0 [3,14,22] [3,14,22]
1.5b 0 [3,15,9] [3,15,9]
4.5e 17 [9,18,23] [9,18,23]
5.5f 2 [32,25,27] [32,25,27]
3.58 0 [8,19,23] [8,19,23]
2.59 0 [6,4,18] [6,4,18]
1.5a 0 [14,15,23] [14,15,23]
4.5f 15 [2,22,17] [2,22,17]
5.5e 3 [32,30,34] [32,30,34]
3.5b 0 [11,5,21] [11,5,21]
2.5a 0 [4,1,11] [4,1,11]
1.59 0 [9,11,18] [9,11,18]
4.5c 13 [0,4,5] [0,4,5]
5.5d 5 [34,33,29] [34,33,29]
3.5a 0 [14,10,23] [14,10,23]
2.5b 0 [7,1,17] [7,1,17]
1.58 0 [20,18,2] [20,18,2]
4.5d 16 [14,0,10] [14,0,10]
5.5c 4 [31,35,30] [31,35,30]
3.55 0 [6,1,2] [6,1,2]
1.57 0 [14,8,6] [14,8,6]
2.54 0 [6,13,9] [6,13,9]
4.52 15 [1,16,11] [1,16,11]
5.53 4 [35,25,30] [35,25,30]
3.54 0 [17,21,22] [17,21,22]
1.56 0 [9,18,11] [9,18,11]
2.55 0 [9,1,3] [9,1,3]
4.53 12 [16,15,11] [16,15,11]
5.52 5 [26,24,28] [26,24,28]
3.57 0 [22,0,21] [22,0,21]
1.55 0 [3,5,19] [3,5,19]
2.56 0 [13,21,23] [13,21,23]
4.50 12 [18,4,20] [18,4,20]
5.51 7 [34,29,30] [34,29,30]
3.56 0 [22,4,17] [22,4,17]
1.54 0 [23,10,21] [23,10,21]
2.57 0 [20,10,14] [20,10,14]
4.51 16 [16,6,15] [16,6,15]
5.50 4 [32,30,34] [32,30,34]
3.51 0 [19,22,17] [19,22,17]
1.53 0 [6,2,22] [6,2,22]
2.50 0 [18,6,14] [18,6,14]
4.56 19 [18,21,11] [18,21,11]
5.57 2 [24,25,32] [24,25,32]
3.50 0 [11,8,9] [11,8,9]
1.52 0 [5,17,19] [5,17,19]
2.51 0 [5,19,11] [5,19,11]
4.57 18 [8,4,17] [8,4,17]
5.56 5 [26,25,33] [26,25,33]
3.53 0 [23,15,14] [23,15,14]
1.51 0 [22,4,20] [22,4,20]
2.52 0 [1,9,3] [1,9,3]
4.54 18 [18,4,0] [18,4,0]
5.55 2 [25,27,29] [25,27,29]
3.52 0 [6,1,19] [6,1,19]
1.50 0 [3,14,13] [3,14,13]
2.53 0 [9,0,10] [9,0,10]
4.55 18 [20,5,7] [20,5,7]
5.54 3 [35,27,25] [35,27,25]
3.4d 0 [0,14,5] [0,14,5]
1.4f 0 [20,7,15] [20,7,15]
2.4c 0 [17,1,21] [17,1,21]
4.4a 15 [18,11,9] [18,11,9]
5.4b 3 [33,31,26] [33,31,26]
3.4c 0 [18,4,11] [18,4,11]
1.4e 0 [13,7,3] [13,7,3]
2.4d 0 [3,14,8] [3,14,8]
4.4b 21 [13,17,21] [13,17,21]
5.4a 3 [27,26,34] [27,26,34]
3.4f 0 [9,15,6] [9,15,6]
1.4d 0 [1,4,11] [1,4,11]
2.4e 0 [4,10,23] [4,10,23]
4.48 14 [18,17,16] [18,17,16]
5.49 2 [30,31,35] [30,31,35]
3.4e 0 [20,16,1] [20,16,1]
1.4c 0 [7,22,11] [7,22,11]
2.4f 0 [20,22,21] [20,22,21]
4.49 17 [19,5,17] [19,5,17]
5.48 4 [31,35,33] [31,35,33]
3.49 0 [10,16,0] [10,16,0]
1.4b 0 [5,4,11] [5,4,11]
2.48 0 [23,4,18] [23,4,18]
4.4e 16 [19,8,3] [19,8,3]
5.4f 3 [35,30,25] [35,30,25]
3.48 0 [16,0,18] [16,0,18]
1.4a 0 [16,13,3] [16,13,3]
2.49 0 [19,22,6] [19,22,6]
4.4f 16 [5,6,14] [5,6,14]
5.4e 2 [29,31,30] [29,31,30]
3.4b 0 [16,0,10] [16,0,10]
1.49 0 [13,6,21] [13,6,21]
2.4a 0 [23,2,22] [23,2,22]
4.4c 18 [3,8,21] [3,8,21]
5.4d 4 [27,28,32] [27,28,32]
3.4a 0 [17,9,1] [17,9,1]
1.48 0 [5,21,6] [5,21,6]
2.4b 0 [20,18,4] [20,18,4]
4.4d 25 [15,21,0] [15,21,0]
5.4c 2 [25,26,33] [25,26,33]
3.45 0 [10,21,17] [10,21,17]
1.47 0 [21,3,5] [21,3,5]
2.44 0 [22,9,6] [22,9,6]
4.42 12 [16,15,3] [16,15,3]
5.43 1 [32,25,24] [32,25,24]
3.44 0 [6,22,7] [6,22,7]
1.46 0 [20,4,1] [20,4,1]
2.45 0 [23,21,15] [23,21,15]
4.43 15 [15,9,6] [15,9,6]
5.42 6 [31,33,32] [31,33,32]
3.47 0 [22,0,7] [22,0,7]
1.45 0 [13,23,9] [13,23,9]
2.46 0 [14,23,13] [14,23,13]
4.40 11 [9,3,22] [9,3,22]
5.41 5 [26,28,30] [26,28,30]
3.46 0 [11,22,19] [11,22,19]
1.44 0 [7,8,3] [7,8,3]
2.47 0 [16,15,3] [16,15,3]
4.41 24 [18,21,6] [18,21,6]
5.40 4 [35,24,28] [35,24,28]
3.41 0 [11,8,14] [11,8,14]
1.43 0 [8,16,0] [8,16,0]
2.40 0 [0,4,8] [0,4,8]
4.46 10 [21,0,15] [21,0,15]
5.47 4 [30,34,26] [30,34,26]
3.40 0 [21,20,13] [21,20,13]
1.42 0 [0,15,2] [0,15,2]
2.41 0 [14,15,23] [14,15,23]
4.47 24 [23,14,22] [23,14,22]
5.46 3 [29,31,24] [29,31,24]
3.43 0 [16,5,6] [16,5,6]
1.41 0 [14,11,1] [14,11,1]
2.42 0 [16,17,1] [16,17,1]
4.44 19 [2,11,10] [2,11,10]
5.45 5 [34,33,29] [34,33,29]
3.42 0 [17,8,9] [17,8,9]
1.40 0 [22,0,19] [22,0,19]
2.43 0 [18,16,17] [18,16,17]
4.45 17 [18,23,14] [18,23,14]
5.44 2 [34,29,27] [34,29,27]
3.2e 0 [16,0,18] [16,0,18]
1.2c 0 [7,13,0] [7,13,0]
0.2d 0 [13,21,11] [13,21,11]
2.2f 0 [7,22,17] [7,22,17]
4.29 15 [10,14,23] [10,14,23]
5.28 2 [25,30,35] [25,30,35]
3.2f 0 [21,20,5] [21,20,5]
1.2d 0 [19,20,22] [19,20,22]
0.2c 0 [19,0,22] [19,0,22]
2.2e 0 [22,14,0] [22,14,0]
4.28 18 [11,5,19] [11,5,19]
5.29 2 [31,30,29] [31,30,29]
3.28 0 [6,16,1] [6,16,1]
1.2a 0 [17,7,18] [17,7,18]
0.2b 0 [16,8,11] [16,8,11]
2.29 0 [16,6,15] [16,6,15]
4.2f 16 [13,17,9] [13,17,9]
5.2e 1 [30,34,29] [30,34,29]
3.29 0 [23,14,1] [23,14,1]
1.2b 0 [16,18,6] [16,18,6]
0.2a 0 [19,1,20] [19,1,20]
2.28 0 [5,16,6] [5,16,6]
4.2e 12 [0,9,13] [0,9,13]
5.2f 2 [25,26,24] [25,26,24]
3.2a 0 [16,5,11] [16,5,11]
1.28 0 [13,3,4] [13,3,4]
0.29 0 [9,18,6] [9,18,6]
2.2b 0 [23,13,4] [23,13,4]
4.2d 17 [20,13,2] [20,13,2]
5.2c 10 [27,35,31] [27,35,31]
3.2b 0 [4,0,15] [4,0,15]
1.29 0 [17,19,10] [17,19,10]
0.28 0 [2,15,17] [2,15,17]
2.2a 0 [20,15,2] [20,15,2]
4.2c 24 [19,3,15] [19,3,15]
5.2d 4 [32,31,33] [32,31,33]
3.24 0 [8,19,23] [8,19,23]
1.26 0 [14,0,10] [14,0,10]
0.27 0 [4,5,23] [4,5,23]
2.25 0 [23,1,21] [23,1,21]
4.23 13 [8,23,16] [8,23,16]
5.22 2 [33,28,32] [33,28,32]
3.25 0 [13,7,6] [13,7,6]
1.27 0 [13,23,9] [13,23,9]
0.26 0 [17,22,4] [17,22,4]
2.24 0 [22,7,0] [22,7,0]
4.22 14 [9,3,13] [9,3,13]
5.23 6 [30,29,25] [30,29,25]
3.26 0 [6,1,21] [6,1,21]
1.24 0 [10,21,6] [10,21,6]
0.25 0 [3,7,15] [3,7,15]
2.27 0 [1,21,0] [1,21,0]
4.21 12 [8,9,17] [8,9,17]
5.20 2 [35,27,25] [35,27,25]
3.27 0 [7,5,20] [7,5,20]
1.25 0 [14,10,6] [14,10,6]
0.24 0 [16,3,8] [16,3,8]
2.26 0 [9,1,6] [9,1,6]
4.20 13 [23,22,9] [23,22,9]
5.21 2 [30,25,35] [30,25,35]
3.20 0 [6,13,2] [6,13,2]
1.22 0 [19,11,1] [19,11,1]
0.23 0 [16,15,11] [16,15,11]
2.21 0 [20,19,8] [20,19,8]
4.27 15 [3,14,1] [3,14,1]
5.26 2 [27,32,25] [27,32,25]
3.21 0 [23,9,13] [23,9,13]
1.23 0 [6,1,14] [6,1,14]
0.22 0 [7,1,0] [7,1,0]
2.20 0 [5,6,19] [5,6,19]
4.26 25 [7,5,6] [7,5,6]
5.27 4 [24,29,34] [24,29,34]
3.22 0 [3,5,21] [3,5,21]
1.20 0 [19,10,3] [19,10,3]
0.21 0 [3,10,14] [3,10,14]
2.23 0 [4,20,8] [4,20,8]
4.25 15 [14,22,11] [14,22,11]
5.24 4 [24,35,28] [24,35,28]
3.23 0 [5,0,2] [5,0,2]
1.21 0 [22,0,9] [22,0,9]
0.20 0 [10,14,6] [10,14,6]
2.22 0 [9,3,1] [9,3,1]
4.24 15 [4,1,17] [4,1,17]
5.25 5 [34,26,24] [34,26,24]
3.1c 0 [9,11,18] [9,11,18]
0.1f 0 [14,8,6] [14,8,6]
1.1e 0 [1,7,23] [1,7,23]
2.1d 0 [7,3,8] [7,3,8]
4.1b 12 [18,21,3] [18,21,3]
5.1a 3 [34,27,26] [34,27,26]
3.1d 0 [7,20,1] [7,20,1]
0.1e 0 [1,0,19] [1,0,19]
1.1f 0 [0,10,21] [0,10,21]
2.1c 0 [23,19,18] [23,19,18]
4.1a 18 [21,3,13] [21,3,13]
5.1b 4 [24,26,31] [24,26,31]
3.1e 0 [3,2,15] [3,2,15]
0.1d 0 [11,19,1] [11,19,1]
1.1c 0 [18,11,2] [18,11,2]
2.1f 0 [22,17,16] [22,17,16]
4.19 17 [3,1,2] [3,1,2]
5.18 2 [32,34,33] [32,34,33]
3.1f 0 [21,1,23] [21,1,23]
0.1c 0 [6,8,7] [6,8,7]
1.1d 0 [1,11,4] [1,11,4]
2.1e 0 [14,13,6] [14,13,6]
4.18 22 [8,9,17] [8,9,17]
5.19 6 [30,35,34] [30,35,34]
3.18 0 [21,11,22] [21,11,22]
0.1b 0 [21,6,22] [21,6,22]
1.1a 0 [1,16,17] [1,16,17]
2.19 0 [13,3,9] [13,3,9]
4.1f 18 [3,19,5] [3,19,5]
5.1e 3 [24,32,31] [24,32,31]
3.19 0 [4,17,1] [4,17,1]
0.1a 0 [22,3,4] [22,3,4]
1.1b 0 [0,9,8] [0,9,8]
2.18 0 [4,17,8] [4,17,8]
4.1e 26 [18,17,4] [18,17,4]
5.1f 2 [30,26,31] [30,26,31]
3.1a 0 [17,4,13] [17,4,13]
0.19 0 [14,1,6] [14,1,6]
1.18 0 [19,13,0] [19,13,0]
2.1b 0 [3,18,2] [3,18,2]
4.1d 13 [3,5,4] [3,5,4]
5.1c 4 [35,25,30] [35,25,30]
3.1b 0 [23,21,15] [23,21,15]
0.18 0 [21,1,6] [21,1,6]
1.19 0 [3,9,22] [3,9,22]
2.1a 0 [10,17,2] [10,17,2]
4.1c 16 [23,10,7] [23,10,7]
5.1d 8 [35,24,34] [35,24,34]
3.14 0 [18,4,6] [18,4,6]
0.17 0 [2,20,15] [2,20,15]
1.16 0 [14,11,10] [14,11,10]
2.15 0 [7,3,5] [7,3,5]
4.13 23 [8,21,23] [8,21,23]
5.12 2 [25,29,33] [25,29,33]
3.15 0 [14,3,15] [14,3,15]
0.16 0 [4,15,20] [4,15,20]
1.17 0 [19,17,8] [19,17,8]
2.14 0 [18,16,17] [18,16,17]
4.12 16 [3,18,4] [3,18,4]
5.13 4 [32,34,27] [32,34,27]
3.a 0 [6,1,14] [6,1,14]
0.9 0 [10,6,2] [10,6,2]
1.8 0 [6,8,4] [6,8,4]
2.b 0 [20,5,19] [20,5,19]
4.d 32 [3,1,16] [3,1,16]
5.c 3 [24,25,26] [24,25,26]
3.b 0 [18,19,0] [18,19,0]
0.8 0 [20,5,2] [20,5,2]
1.9 0 [1,4,20] [1,4,20]
2.a 0 [1,7,3] [1,7,3]
4.c 18 [19,17,13] [19,17,13]
5.d 4 [24,25,26] [24,25,26]
3.4 0 [11,9,13] [11,9,13]
0.7 0 [7,17,10] [7,17,10]
1.6 0 [17,14,1] [17,14,1]
2.5 0 [4,20,13] [4,20,13]
4.3 23 [1,11,7] [1,11,7]
5.2 4 [25,30,29] [25,30,29]
3.5 0 [19,23,8] [19,23,8]
0.6 0 [4,10,3] [4,10,3]
1.7 0 [8,6,21] [8,6,21]
2.4 0 [22,2,23] [22,2,23]
4.2 14 [9,17,15] [9,17,15]
5.3 4 [34,33,32] [34,33,32]
3.6 0 [18,2,11] [18,2,11]
0.5 0 [18,9,20] [18,9,20]
1.4 0 [21,20,22] [21,20,22]
2.7 0 [18,19,11] [18,19,11]
4.1 17 [18,23,21] [18,23,21]
5.0 5 [31,30,29] [31,30,29]
3.7 0 [18,9,23] [18,9,23]
0.4 0 [17,13,4] [17,13,4]
1.5 0 [17,9,15] [17,9,15]
2.6 0 [8,6,9] [8,6,9]
4.0 18 [20,7,8] [20,7,8]
5.1 4 [29,34,30] [29,34,30]
3.0 0 [22,6,2] [22,6,2]
0.3 0 [11,9,10] [11,9,10]
1.2 0 [2,22,11] [2,22,11]
2.1 0 [8,4,6] [8,4,6]
4.7 26 [10,0,2] [10,0,2]
5.6 5 [35,33,31] [35,33,31]
3.1 0 [13,16,23] [13,16,23]
0.2 0 [22,21,20] [22,21,20]
1.3 0 [21,10,23] [21,10,23]
2.0 0 [8,23,7] [8,23,7]
4.6 17 [5,2,11] [5,2,11]
5.7 6 [27,28,32] [27,28,32]
3.2 0 [21,0,8] [21,0,8]
0.1 0 [13,6,16] [13,6,16]
1.0 0 [7,20,10] [7,20,10]
2.3 0 [14,13,3] [14,13,3]
4.5 17 [18,9,17] [18,9,17]
5.4 3 [34,33,35] [34,33,35]
3.3 0 [4,18,17] [4,18,17]
0.0 0 [6,5,19] [6,5,19]
1.1 0 [17,15,4] [17,15,4]
2.2 0 [3,1,19] [3,1,19]
4.4 23 [16,0,15] [16,0,15]
5.5 6 [26,28,24] [26,28,24]
3.9 0 [2,20,18] [2,20,18]
0.a 0 [15,4,3] [15,4,3]
1.b 0 [4,17,1] [4,17,1]
2.8 0 [16,8,3] [16,8,3]
4.e 18 [4,5,0] [4,5,0]
5.f 2 [34,30,32] [34,30,32]
3.8 0 [21,15,23] [21,15,23]
0.b 0 [4,18,6] [4,18,6]
1.a 0 [23,9,5] [23,9,5]
2.9 0 [4,13,3] [4,13,3]
4.f 19 [10,9,11] [10,9,11]
5.e 5 [24,32,25] [24,32,25]
3.f 0 [23,7,8] [23,7,8]
0.c 0 [14,20,13] [14,20,13]
1.d 0 [4,0,13] [4,0,13]
2.e 0 [21,5,17] [21,5,17]
4.8 14 [3,9,10] [3,9,10]
5.9 2 [29,27,34] [29,27,34]
3.e 0 [11,19,1] [11,19,1]
0.d 0 [4,22,6] [4,22,6]
1.c 0 [14,8,20] [14,8,20]
2.f 0 [0,22,4] [0,22,4]
4.9 15 [0,19,18] [0,19,18]
5.8 2 [31,32,33] [31,32,33]
3.d 0 [13,0,21] [13,0,21]
0.e 0 [9,1,23] [9,1,23]
1.f 0 [13,14,11] [13,14,11]
2.c 0 [11,16,18] [11,16,18]
4.a 20 [2,13,3] [2,13,3]
5.b 3 [26,34,27] [26,34,27]
3.c 0 [18,6,14] [18,6,14]
0.f 0 [2,20,8] [2,20,8]
1.e 0 [18,2,3] [18,2,3]
2.d 0 [0,18,7] [0,18,7]
4.b 19 [13,19,11] [13,19,11]
5.a 4 [29,25,33] [29,25,33]
3.13 0 [8,2,23] [8,2,23]
0.10 0 [5,9,3] [5,9,3]
1.11 0 [18,3,21] [18,3,21]
2.12 0 [3,15,9] [3,15,9]
4.14 17 [17,7,18] [17,7,18]
5.15 1 [28,26,27] [28,26,27]
3.12 0 [8,3,9] [8,3,9]
0.11 0 [23,2,8] [23,2,8]
1.10 0 [19,20,18] [19,20,18]
2.13 0 [21,13,3] [21,13,3]
4.15 14 [16,17,8] [16,17,8]
5.14 2 [26,30,28] [26,30,28]
3.11 0 [3,7,1] [3,7,1]
0.12 0 [19,17,8] [19,17,8]
1.13 0 [5,20,19] [5,20,19]
2.10 0 [2,0,22] [2,0,22]
4.16 13 [18,11,16] [18,11,16]
5.17 7 [31,32,33] [31,32,33]
3.10 0 [21,5,17] [21,5,17]
0.13 0 [15,4,17] [15,4,17]
1.12 0 [23,14,1] [23,14,1]
2.11 0 [16,10,3] [16,10,3]
4.17 26 [7,13,17] [7,13,17]
5.16 2 [28,30,26] [28,30,26]
3.17 0 [21,23,15] [21,23,15]
0.14 0 [1,19,17] [1,19,17]
1.15 0 [8,20,9] [8,20,9]
2.16 0 [1,14,11] [1,14,11]
4.10 16 [18,3,4] [18,3,4]
5.11 5 [35,30,25] [35,30,25]
3.16 0 [1,9,3] [1,9,3]
0.15 0 [4,11,1] [4,11,1]
1.14 0 [13,4,0] [13,4,0]
2.17 0 [10,11,4] [10,11,4]
4.11 18 [13,14,23] [13,14,23]
5.10 6 [24,35,25] [24,35,25]
3.2d 0 [3,5,7] [3,5,7]
1.2f 0 [21,17,5] [21,17,5]
0.2e 0 [14,17,18] [14,17,18]
2.2c 0 [3,22,9] [3,22,9]
4.2a 17 [10,17,9] [10,17,9]
5.2b 2 [33,25,32] [33,25,32]
3.2c 0 [16,8,3] [16,8,3]
1.2e 0 [6,19,13] [6,19,13]
0.2f 0 [13,16,17] [13,16,17]
2.2d 0 [8,21,11] [8,21,11]
4.2b 19 [9,3,18] [9,3,18]
5.2a 2 [28,29,27] [28,29,27]
3.33 0 [8,21,3] [8,21,3]
1.31 0 [19,23,22] [19,23,22]
0.30 0 [2,1,23] [2,1,23]
2.32 0 [2,3,15] [2,3,15]
4.34 22 [2,18,17] [2,18,17]
5.35 1 [25,26,30] [25,26,30]
3.32 0 [16,23,10] [16,23,10]
1.30 0 [21,3,13] [21,3,13]
0.31 0 [9,0,15] [9,0,15]
2.33 0 [7,15,17] [7,15,17]
4.35 16 [1,7,6] [1,7,6]
5.34 4 [29,27,31] [29,27,31]
3.31 0 [8,9,6] [8,9,6]
1.33 0 [3,22,14] [3,22,14]
0.32 0 [16,22,23] [16,22,23]
2.30 0 [0,7,10] [0,7,10]
4.36 18 [17,15,14] [17,15,14]
5.37 5 [30,29,25] [30,29,25]
3.30 0 [3,16,8] [3,16,8]
1.32 0 [11,8,7] [11,8,7]
0.33 0 [23,9,1] [23,9,1]
2.31 0 [20,10,16] [20,10,16]
4.37 16 [16,15,17] [16,15,17]
5.36 1 [29,33,25] [29,33,25]
3.37 0 [21,1,11] [21,1,11]
1.35 0 [3,22,7] [3,22,7]
0.34 0 [22,0,7] [22,0,7]
2.36 0 [5,17,7] [5,17,7]
4.30 18 [3,4,22] [3,4,22]
5.31 2 [33,29,28] [33,29,28]
3.36 0 [18,0,2] [18,0,2]
1.34 0 [23,2,22] [23,2,22]
0.35 0 [17,14,13] [17,14,13]
2.37 0 [13,9,6] [13,9,6]
4.31 15 [20,2,15] [20,2,15]
5.30 3 [32,24,31] [32,24,31]
3.35 0 [15,23,9] [15,23,9]
1.37 0 [1,16,17] [1,16,17]
0.36 0 [16,13,17] [16,13,17]
2.34 0 [23,19,5] [23,19,5]
4.32 12 [20,22,9] [20,22,9]
5.33 2 [28,26,27] [28,26,27]
3.34 0 [4,18,3] [4,18,3]
1.36 0 [4,3,8] [4,3,8]
0.37 0 [9,11,8] [9,11,8]
2.35 0 [1,4,6] [1,4,6]
4.33 21 [5,11,16] [5,11,16]
5.32 4 [28,27,26] [28,27,26]
3.3b 0 [10,9,11] [10,9,11]
1.39 0 [19,5,6] [19,5,6]
0.38 0 [4,8,3] [4,8,3]
2.3a 0 [4,6,15] [4,6,15]
4.3c 16 [1,7,17] [1,7,17]
5.3d 2 [29,27,28] [29,27,28]
3.3a 0 [2,5,3] [2,5,3]
1.38 0 [1,6,7] [1,6,7]
0.39 0 [0,1,16] [0,1,16]
2.3b 0 [2,13,0] [2,13,0]
4.3d 19 [22,17,14] [22,17,14]
5.3c 5 [27,25,32] [27,25,32]
3.39 0 [7,1,17] [7,1,17]
1.3b 0 [7,22,3] [7,22,3]
0.3a 0 [1,17,14] [1,17,14]
2.38 0 [0,15,4] [0,15,4]
4.3e 16 [23,10,4] [23,10,4]
5.3f 3 [29,27,28] [29,27,28]
3.38 0 [20,5,19] [20,5,19]
1.3a 0 [18,19,20] [18,19,20]
0.3b 0 [13,23,9] [13,23,9]
2.39 0 [17,2,1] [17,2,1]
4.3f 20 [11,22,14] [11,22,14]
5.3e 6 [33,26,31] [33,26,31]
3.3f 0 [0,4,10] [0,4,10]
1.3d 0 [18,7,0] [18,7,0]
0.3c 0 [9,15,3] [9,15,3]
2.3e 0 [8,23,4] [8,23,4]
4.38 15 [16,10,20] [16,10,20]
5.39 4 [32,25,30] [32,25,30]
3.3e 0 [17,16,8] [17,16,8]
1.3c 0 [8,4,17] [8,4,17]
0.3d 0 [23,14,13] [23,14,13]
2.3f 0 [1,9,17] [1,9,17]
4.39 15 [5,3,9] [5,3,9]
5.38 3 [27,32,28] [27,32,28]
3.3d 0 [20,4,15] [20,4,15]
1.3f 0 [7,23,22] [7,23,22]
0.3e 0 [9,0,1] [9,0,1]
2.3c 0 [11,13,4] [11,13,4]
4.3a 11 [4,0,13] [4,0,13]
5.3b 2 [25,29,30] [25,29,30]
3.3c 0 [17,16,15] [17,16,15]
1.3e 0 [3,7,13] [3,7,13]
0.3f 0 [19,17,8] [19,17,8]
2.3d 0 [23,16,8] [23,16,8]
4.3b 22 [13,19,23] [13,19,23]
5.3a 2 [26,30,34] [26,30,34]
3.84 0 [22,6,9] [22,6,9]
2.85 0 [0,2,15] [0,2,15]
1.86 0 [22,23,7] [22,23,7]
4.83 16 [15,19,17] [15,19,17]
5.82 4 [25,35,33] [25,35,33]
3.85 0 [16,23,22] [16,23,22]
2.84 0 [13,23,7] [13,23,7]
1.87 0 [10,0,7] [10,0,7]
4.82 14 [21,3,15] [21,3,15]
5.83 1 [26,30,34] [26,30,34]
3.8a 0 [14,23,1] [14,23,1]
2.8b 0 [14,0,1] [14,0,1]
1.88 0 [16,10,0] [16,10,0]
4.8d 22 [10,11,19] [10,11,19]
5.8c 5 [28,29,33] [28,29,33]
3.8b 0 [10,2,11] [10,2,11]
2.8a 0 [13,20,4] [13,20,4]
1.89 0 [2,22,11] [2,22,11]
4.8c 21 [23,7,10] [23,7,10]
5.8d 4 [24,28,26] [24,28,26]
3.88 0 [11,21,13] [11,21,13]
2.89 0 [4,13,3] [4,13,3]
1.8a 0 [22,16,20] [22,16,20]
4.8f 16 [0,9,22] [0,9,22]
5.8e 3 [31,29,24] [31,29,24]
3.89 0 [15,6,4] [15,6,4]
2.88 0 [18,7,6] [18,7,6]
1.8b 0 [18,4,17] [18,4,17]
4.8e 16 [10,11,14] [10,11,14]
5.8f 4 [30,35,31] [30,35,31]
3.8e 0 [1,6,16] [1,6,16]
2.8f 0 [6,9,5] [6,9,5]
1.8c 0 [4,5,11] [4,5,11]
4.89 18 [6,13,16] [6,13,16]
5.88 4 [28,33,35] [28,33,35]
3.8f 0 [9,15,17] [9,15,17]
2.8e 0 [0,16,22] [0,16,22]
1.8d 0 [11,14,1] [11,14,1]
4.88 20 [13,4,3] [13,4,3]
5.89 3 [31,24,35] [31,24,35]
3.8c 0 [16,20,5] [16,20,5]
2.8d 0 [10,20,2] [10,20,2]
1.8e 0 [5,0,2] [5,0,2]
4.8b 24 [17,5,14] [17,5,14]
5.8a 2 [34,27,26] [34,27,26]
3.8d 0 [7,5,11] [7,5,11]
2.8c 0 [20,10,16] [20,10,16]
1.8f 0 [18,14,3] [18,14,3]
4.8a 18 [6,8,4] [6,8,4]
5.8b 7 [29,24,34] [29,24,34]
3.92 0 [23,9,10] [23,9,10]
2.93 0 [14,3,10] [14,3,10]
1.90 0 [20,5,14] [20,5,14]
4.95 12 [11,2,10] [11,2,10]
5.94 4 [25,26,33] [25,26,33]
3.93 0 [8,19,3] [8,19,3]
2.92 0 [8,4,20] [8,4,20]
1.91 0 [21,6,13] [21,6,13]
4.94 25 [11,4,5] [11,4,5]
5.95 4 [31,24,29] [31,24,29]
3.90 0 [8,9,3] [8,9,3]
2.91 0 [23,4,10] [23,4,10]
1.92 0 [3,2,5] [3,2,5]
4.97 16 [13,2,0] [13,2,0]
5.96 4 [29,27,34] [29,27,34]
3.91 0 [8,6,9] [8,6,9]
2.90 0 [17,21,18] [17,21,18]
1.93 0 [7,10,6] [7,10,6]
4.96 15 [22,11,16] [22,11,16]
5.97 2 [31,24,35] [31,24,35]
3.96 0 [8,6,9] [8,6,9]
2.97 0 [3,18,7] [3,18,7]
1.94 0 [9,20,13] [9,20,13]
4.91 15 [15,4,23] [15,4,23]
5.90 0 [31,27,35] [31,27,35]
3.97 0 [17,22,16] [17,22,16]
2.96 0 [5,9,6] [5,9,6]
1.95 0 [17,15,19] [17,15,19]
4.90 17 [9,6,15] [9,6,15]
5.91 6 [31,30,32] [31,30,32]
3.94 0 [1,2,11] [1,2,11]
2.95 0 [13,19,20] [13,19,20]
1.96 0 [9,13,17] [9,13,17]
4.93 15 [2,1,17] [2,1,17]
5.92 5 [28,24,29] [28,24,29]
3.95 0 [20,2,15] [20,2,15]
2.94 0 [11,15,14] [11,15,14]
1.97 0 [5,23,21] [5,23,21]
4.92 14 [18,7,20] [18,7,20]
5.93 3 [26,25,30] [26,25,30]
3.9a 0 [13,19,3] [13,19,3]
2.9b 0 [15,7,6] [15,7,6]
1.98 0 [4,15,17] [4,15,17]
4.9d 15 [11,4,15] [11,4,15]
5.9c 1 [31,35,33] [31,35,33]
3.9b 0 [7,1,20] [7,1,20]
2.9a 0 [0,14,8] [0,14,8]
1.99 0 [1,14,0] [1,14,0]
4.9c 19 [15,4,11] [15,4,11]
5.9d 6 [27,29,25] [27,29,25]
3.98 0 [0,22,14] [0,22,14]
2.99 0 [8,7,11] [8,7,11]
1.9a 0 [23,19,8] [23,19,8]
4.9f 16 [0,2,18] [0,2,18]
5.9e 3 [29,31,27] [29,31,27]
3.99 0 [6,1,2] [6,1,2]
2.98 0 [18,9,6] [18,9,6]
1.9b 0 [23,1,9] [23,1,9]
4.9e 18 [11,10,21] [11,10,21]
5.9f 3 [34,35,24] [34,35,24]
3.9e 0 [21,6,8] [21,6,8]
2.9f 0 [21,17,1] [21,17,1]
1.9c 0 [23,1,4] [23,1,4]
4.99 23 [9,6,15] [9,6,15]
5.98 6 [30,29,28] [30,29,28]
3.9f 0 [11,10,2] [11,10,2]
2.9e 0 [22,23,21] [22,23,21]
1.9d 0 [7,11,15] [7,11,15]
4.98 16 [3,10,19] [3,10,19]
5.99 2 [28,24,35] [28,24,35]
3.9c 0 [21,20,1] [21,20,1]
2.9d 0 [7,22,23] [7,22,23]
1.9e 0 [1,23,21] [1,23,21]
4.9b 17 [1,19,6] [1,19,6]
5.9a 0 [25,29,33] [25,29,33]
3.9d 0 [13,14,6] [13,14,6]
2.9c 0 [9,8,20] [9,8,20]
1.9f 0 [22,21,3] [22,21,3]
4.9a 18 [3,14,22] [3,14,22]
5.9b 2 [33,34,29] [33,34,29]
3.a2 0 [23,21,13] [23,21,13]
2.a3 0 [4,5,23] [4,5,23]
1.a0 0 [5,0,4] [5,0,4]
4.a5 17 [20,9,5] [20,9,5]
5.a4 4 [24,25,29] [24,25,29]
3.a3 0 [7,3,22] [7,3,22]
2.a2 0 [9,11,8] [9,11,8]
1.a1 0 [6,13,9] [6,13,9]
4.a4 16 [11,5,21] [11,5,21]
5.a5 3 [30,26,25] [30,26,25]
3.a0 0 [2,3,22] [2,3,22]
2.a1 0 [9,17,13] [9,17,13]
1.a2 0 [18,21,0] [18,21,0]
4.a7 16 [19,18,11] [19,18,11]
5.a6 0 [25,32,24] [25,32,24]
3.a1 0 [3,15,4] [3,15,4]
2.a0 0 [22,14,0] [22,14,0]
1.a3 0 [11,4,8] [11,4,8]
4.a6 14 [3,22,19] [3,22,19]
5.a7 5 [24,34,26] [24,34,26]
3.a6 0 [3,5,9] [3,5,9]
2.a7 0 [2,5,23] [2,5,23]
1.a4 0 [6,21,15] [6,21,15]
4.a1 23 [1,14,3] [1,14,3]
5.a0 7 [28,24,29] [28,24,29]
3.a7 0 [23,8,7] [23,8,7]
2.a6 0 [2,20,22] [2,20,22]
1.a5 0 [22,11,2] [22,11,2]
4.a0 13 [14,22,11] [14,22,11]
5.a1 6 [30,29,28] [30,29,28]
3.a4 0 [17,4,10] [17,4,10]
2.a5 0 [17,1,21] [17,1,21]
1.a6 0 [13,23,9] [13,23,9]
4.a3 21 [8,6,4] [8,6,4]
5.a2 7 [25,24,29] [25,24,29]
3.a5 0 [4,0,10] [4,0,10]
2.a4 0 [6,9,1] [6,9,1]
1.a7 0 [8,20,21] [8,20,21]
4.a2 15 [8,23,19] [8,23,19]
5.a3 5 [30,28,35] [30,28,35]
3.aa 0 [9,1,0] [9,1,0]
2.ab 0 [21,23,13] [21,23,13]
1.a8 0 [10,6,16] [10,6,16]
4.ad 17 [15,16,3] [15,16,3]
5.ac 4 [25,24,35] [25,24,35]
3.ab 0 [10,9,0] [10,9,0]
2.aa 0 [18,11,2] [18,11,2]
1.a9 0 [10,2,23] [10,2,23]
4.ac 23 [3,15,21] [3,15,21]
5.ad 1 [25,32,33] [25,32,33]
3.a8 0 [23,5,19] [23,5,19]
2.a9 0 [8,17,7] [8,17,7]
1.aa 0 [6,16,10] [6,16,10]
4.af 22 [10,11,9] [10,11,9]
5.ae 5 [24,25,32] [24,25,32]
3.a9 0 [21,10,23] [21,10,23]
2.a8 0 [21,11,22] [21,11,22]
1.ab 0 [16,11,18] [16,11,18]
4.ae 23 [9,20,13] [9,20,13]
5.af 5 [25,33,26] [25,33,26]
3.ae 0 [6,22,2] [6,22,2]
2.af 0 [20,4,8] [20,4,8]
1.ac 0 [17,10,2] [17,10,2]
4.a9 19 [15,21,23] [15,21,23]
5.a8 5 [24,34,32] [24,34,32]
3.af 0 [0,5,7] [0,5,7]
2.ae 0 [2,3,10] [2,3,10]
1.ad 0 [13,6,7] [13,6,7]
4.a8 17 [19,3,22] [19,3,22]
5.a9 2 [25,26,30] [25,26,30]
3.ac 0 [21,1,20] [21,1,20]
2.ad 0 [10,4,6] [10,4,6]
1.ae 0 [2,23,15] [2,23,15]
4.ab 16 [7,15,6] [7,15,6]
5.aa 1 [30,28,29] [30,28,29]
3.ad 0 [19,15,11] [19,15,11]
2.ac 0 [19,1,0] [19,1,0]
1.af 0 [6,1,9] [6,1,9]
4.aa 19 [9,8,0] [9,8,0]
5.ab 3 [29,25,30] [29,25,30]
3.b2 0 [18,21,11] [18,21,11]
2.b3 0 [18,3,7] [18,3,7]
1.b0 0 [4,23,22] [4,23,22]
4.b5 19 [4,11,8] [4,11,8]
5.b4 2 [27,32,25] [27,32,25]
3.b3 0 [19,17,8] [19,17,8]
2.b2 0 [19,0,18] [19,0,18]
1.b1 0 [11,14,15] [11,14,15]
4.b4 12 [7,13,11] [7,13,11]
5.b5 4 [31,26,24] [31,26,24]
3.b0 0 [16,22,6] [16,22,6]
2.b1 0 [2,10,20] [2,10,20]
1.b2 0 [22,23,4] [22,23,4]
4.b7 22 [14,1,23] [14,1,23]
5.b6 3 [34,29,24] [34,29,24]
3.b1 0 [8,0,4] [8,0,4]
2.b0 0 [8,16,0] [8,16,0]
1.b3 0 [14,18,6] [14,18,6]
4.b6 20 [18,9,11] [18,9,11]
5.b7 5 [24,34,35] [24,34,35]
3.b6 0 [18,11,21] [18,11,21]
2.b7 0 [8,19,0] [8,19,0]
1.b4 0 [0,9,5] [0,9,5]
4.b1 21 [3,15,19] [3,15,19]
5.b0 3 [35,31,27] [35,31,27]
3.b7 0 [3,9,10] [3,9,10]
2.b6 0 [23,19,22] [23,19,22]
1.b5 0 [23,9,15] [23,9,15]
4.b0 15 [6,22,21] [6,22,21]
5.b1 6 [35,25,30] [35,25,30]
3.b4 0 [14,6,5] [14,6,5]
2.b5 0 [7,15,17] [7,15,17]
1.b6 0 [6,21,18] [6,21,18]
4.b3 17 [6,4,13] [6,4,13]
5.b2 5 [28,27,35] [28,27,35]
3.b5 0 [15,0,19] [15,0,19]
2.b4 0 [16,23,10] [16,23,10]
1.b7 0 [13,3,16] [13,3,16]
4.b2 24 [7,15,3] [7,15,3]
5.b3 1 [29,34,33] [29,34,33]
3.ba 0 [22,17,14] [22,17,14]
2.bb 0 [4,18,20] [4,18,20]
1.b8 0 [11,14,8] [11,14,8]
4.bd 19 [11,1,21] [11,1,21]
5.bc 4 [31,27,35] [31,27,35]
3.bb 0 [3,21,15] [3,21,15]
2.ba 0 [18,6,2] [18,6,2]
1.b9 0 [2,18,23] [2,18,23]
4.bc 12 [10,7,23] [10,7,23]
5.bd 1 [26,27,25] [26,27,25]
3.b8 0 [9,20,1] [9,20,1]
2.b9 0 [23,19,8] [23,19,8]
1.ba 0 [11,2,8] [11,2,8]
4.bf 13 [21,15,6] [21,15,6]
5.be 5 [26,33,31] [26,33,31]
3.b9 0 [7,13,17] [7,13,17]
2.b8 0 [15,11,19] [15,11,19]
1.bb 0 [23,15,21] [23,15,21]
4.be 28 [14,22,17] [14,22,17]
5.bf 1 [33,32,34] [33,32,34]
3.be 0 [1,17,16] [1,17,16]
2.bf 0 [7,1,6] [7,1,6]
1.bc 0 [22,23,2] [22,23,2]
4.b9 14 [18,4,6] [18,4,6]
5.b8 2 [31,29,24] [31,29,24]
3.bf 0 [23,10,2] [23,10,2]
2.be 0 [7,11,10] [7,11,10]
1.bd 0 [0,2,8] [0,2,8]
4.b8 18 [2,13,23] [2,13,23]
5.b9 3 [32,25,24] [32,25,24]
3.bc 0 [4,20,13] [4,20,13]
2.bd 0 [7,5,23] [7,5,23]
1.be 0 [21,1,11] [21,1,11]
4.bb 31 [4,3,15] [4,3,15]
5.ba 1 [30,25,26] [30,25,26]
3.bd 0 [22,17,16] [22,17,16]
2.bc 0 [21,5,0] [21,5,0]
1.bf 0 [20,14,15] [20,14,15]
4.ba 13 [17,14,22] [17,14,22]
5.bb 5 [24,31,29] [24,31,29]
3.c2 0 [8,16,3] [8,16,3]
2.c3 0 [23,13,16] [23,13,16]
1.c0 0 [22,19,11] [22,19,11]
4.c5 12 [16,5,11] [16,5,11]
5.c4 3 [32,31,24] [32,31,24]
3.c3 0 [19,8,3] [19,8,3]
2.c2 0 [9,17,5] [9,17,5]
1.c1 0 [8,23,9] [8,23,9]
4.c4 7 [9,18,20] [9,18,20]
5.c5 4 [34,33,29] [34,33,29]
3.c0 0 [18,4,20] [18,4,20]
2.c1 0 [6,7,15] [6,7,15]
1.c2 0 [8,14,20] [8,14,20]
4.c7 16 [22,7,11] [22,7,11]
5.c6 4 [26,34,27] [26,34,27]
3.c1 0 [3,18,19] [3,18,19]
2.c0 0 [5,19,11] [5,19,11]
1.c3 0 [3,16,1] [3,16,1]
4.c6 16 [14,17,8] [14,17,8]
5.c7 1 [30,32,25] [30,32,25]
3.c6 0 [19,1,20] [19,1,20]
2.c7 0 [4,18,17] [4,18,17]
1.c4 0 [4,3,8] [4,3,8]
4.c1 17 [6,14,15] [6,14,15]
5.c0 2 [27,28,29] [27,28,29]
3.c7 0 [9,20,18] [9,20,18]
2.c6 0 [2,10,20] [2,10,20]
1.c5 0 [2,17,8] [2,17,8]
4.c0 25 [7,5,3] [7,5,3]
5.c1 3 [30,29,34] [30,29,34]
3.c4 0 [19,15,6] [19,15,6]
2.c5 0 [1,21,20] [1,21,20]
1.c6 0 [23,15,21] [23,15,21]
4.c3 24 [16,0,10] [16,0,10]
5.c2 6 [28,30,32] [28,30,32]
3.c5 0 [11,8,16] [11,8,16]
2.c4 0 [6,10,4] [6,10,4]
1.c7 0 [0,7,13] [0,7,13]
4.c2 25 [6,7,13] [6,7,13]
5.c3 3 [24,25,32] [24,25,32]
3.ca 0 [3,22,19] [3,22,19]
2.cb 0 [20,14,18] [20,14,18]
1.c8 0 [5,9,3] [5,9,3]
4.cd 24 [7,1,11] [7,1,11]
5.cc 3 [33,34,29] [33,34,29]
3.cb 0 [14,18,23] [14,18,23]
2.ca 0 [11,8,2] [11,8,2]
1.c9 0 [21,17,5] [21,17,5]
4.cc 16 [8,17,14] [8,17,14]
5.cd 2 [30,32,28] [30,32,28]
3.c8 0 [16,6,10] [16,6,10]
2.c9 0 [9,3,10] [9,3,10]
1.ca 0 [20,18,2] [20,18,2]
4.cf 18 [11,14,8] [11,14,8]
5.ce 2 [30,31,35] [30,31,35]
3.c9 0 [0,2,13] [0,2,13]
2.c8 0 [10,14,23] [10,14,23]
1.cb 0 [14,23,15] [14,23,15]
4.ce 25 [15,4,0] [15,4,0]
5.cf 3 [33,29,25] [33,29,25]
3.ce 0 [2,11,5] [2,11,5]
2.cf 0 [3,21,15] [3,21,15]
1.cc 0 [4,10,17] [4,10,17]
4.c9 20 [19,15,23] [19,15,23]
5.c8 1 [32,33,34] [32,33,34]
3.cf 0 [7,20,1] [7,20,1]
2.ce 0 [19,18,11] [19,18,11]
1.cd 0 [13,9,11] [13,9,11]
4.c8 18 [9,15,0] [9,15,0]
5.c9 0 [34,29,24] [34,29,24]
3.cc 0 [8,3,7] [8,3,7]
2.cd 0 [22,9,0] [22,9,0]
1.ce 0 [0,4,22] [0,4,22]
4.cb 18 [6,9,18] [6,9,18]
5.ca 5 [28,32,30] [28,32,30]
3.cd 0 [9,11,15] [9,11,15]
2.cc 0 [23,16,5] [23,16,5]
1.cf 0 [2,11,10] [2,11,10]
4.ca 23 [18,16,3] [18,16,3]
5.cb 6 [31,29,24] [31,29,24]
3.d2 0 [6,18,7] [6,18,7]
2.d3 0 [6,19,1] [6,19,1]
1.d0 0 [23,16,1] [23,16,1]
4.d5 21 [2,22,6] [2,22,6]
5.d4 4 [32,27,28] [32,27,28]
3.d3 0 [11,16,10] [11,16,10]
2.d2 0 [20,9,1] [20,9,1]
1.d1 0 [13,20,14] [13,20,14]
4.d4 13 [1,9,20] [1,9,20]
5.d5 6 [29,34,27] [29,34,27]
3.d0 0 [21,18,20] [21,18,20]
2.d1 0 [19,6,18] [19,6,18]
1.d2 0 [8,0,2] [8,0,2]
4.d7 19 [17,2,18] [17,2,18]
5.d6 3 [32,24,25] [32,24,25]
3.d1 0 [13,3,21] [13,3,21]
2.d0 0 [21,5,23] [21,5,23]
1.d3 0 [20,8,14] [20,8,14]
4.d6 21 [16,11,1] [16,11,1]
5.d7 1 [31,33,35] [31,33,35]
3.d6 0 [3,14,22] [3,14,22]
2.d7 0 [3,22,4] [3,22,4]
1.d4 0 [0,13,14] [0,13,14]
4.d1 20 [22,4,17] [22,4,17]
5.d0 3 [34,33,29] [34,33,29]
3.d7 0 [9,18,23] [9,18,23]
2.d6 0 [23,21,5] [23,21,5]
1.d5 0 [0,7,10] [0,7,10]
4.d0 23 [1,3,16] [1,3,16]
5.d1 3 [24,32,28] [24,32,28]
3.d4 0 [11,9,18] [11,9,18]
2.d5 0 [5,11,16] [5,11,16]
1.d6 0 [8,16,6] [8,16,6]
4.d3 21 [14,3,8] [14,3,8]
5.d2 3 [26,24,31] [26,24,31]
3.d5 0 [6,14,18] [6,14,18]
2.d4 0 [3,19,5] [3,19,5]
1.d7 0 [18,17,9] [18,17,9]
4.d2 18 [15,23,4] [15,23,4]
5.d3 6 [25,35,27] [25,35,27]
3.da 0 [21,22,20] [21,22,20]
2.db 0 [9,3,5] [9,3,5]
1.d8 0 [11,1,4] [11,1,4]
4.dd 18 [15,6,16] [15,6,16]
5.dc 5 [29,33,31] [29,33,31]
3.db 0 [19,15,11] [19,15,11]
2.da 0 [14,11,10] [14,11,10]
1.d9 0 [13,23,21] [13,23,21]
4.dc 20 [11,8,14] [11,8,14]
5.dd 2 [33,25,35] [33,25,35]
3.d8 0 [14,0,15] [14,0,15]
2.d9 0 [3,19,18] [3,19,18]
1.da 0 [9,18,6] [9,18,6]
4.df 30 [22,3,7] [22,3,7]
5.de 5 [31,24,29] [31,24,29]
3.d9 0 [17,15,16] [17,15,16]
2.d8 0 [17,22,2] [17,22,2]
1.db 0 [1,6,16] [1,6,16]
4.de 24 [3,5,4] [3,5,4]
5.df 3 [29,31,27] [29,31,27]
3.de 0 [2,22,3] [2,22,3]
2.df 0 [2,23,1] [2,23,1]
1.dc 0 [8,23,2] [8,23,2]
4.d9 20 [8,14,3] [8,14,3]
5.d8 6 [30,32,31] [30,32,31]
3.df 0 [11,2,22] [11,2,22]
2.de 0 [17,7,13] [17,7,13]
1.dd 0 [3,1,4] [3,1,4]
4.d8 17 [10,0,16] [10,0,16]
5.d9 2 [25,35,27] [25,35,27]
3.dc 0 [6,1,19] [6,1,19]
2.dd 0 [20,19,8] [20,19,8]
1.de 0 [15,9,17] [15,9,17]
4.db 16 [4,8,11] [4,8,11]
5.da 3 [29,24,34] [29,24,34]
3.dd 0 [6,16,8] [6,16,8]
2.dc 0 [2,20,18] [2,20,18]
1.df 0 [21,13,23] [21,13,23]
4.da 18 [17,2,15] [17,2,15]
5.db 7 [26,33,31] [26,33,31]
3.e2 0 [22,7,17] [22,7,17]
2.e3 0 [6,13,7] [6,13,7]
1.e0 0 [1,2,6] [1,2,6]
4.e5 19 [19,8,17] [19,8,17]
5.e4 4 [26,24,28] [26,24,28]
3.e3 0 [10,23,7] [10,23,7]
2.e2 0 [19,20,15] [19,20,15]
1.e1 0 [0,13,2] [0,13,2]
4.e4 15 [10,20,19] [10,20,19]
5.e5 5 [24,25,32] [24,25,32]
3.e0 0 [18,2,20] [18,2,20]
2.e1 0 [3,2,18] [3,2,18]
1.e2 0 [10,14,3] [10,14,3]
4.e7 14 [22,17,16] [22,17,16]
5.e6 4 [29,31,27] [29,31,27]
3.e1 0 [3,10,7] [3,10,7]
2.e0 0 [20,5,4] [20,5,4]
1.e3 0 [6,1,7] [6,1,7]
4.e6 20 [19,5,6] [19,5,6]
5.e7 3 [30,35,25] [30,35,25]
3.e6 0 [13,11,16] [13,11,16]
2.e7 0 [2,20,13] [2,20,13]
1.e4 0 [18,3,16] [18,3,16]
4.e1 12 [11,5,4] [11,5,4]
5.e0 6 [29,33,28] [29,33,28]
3.e7 0 [13,20,7] [13,20,7]
2.e6 0 [4,5,3] [4,5,3]
1.e5 0 [22,20,2] [22,20,2]
4.e0 12 [9,20,10] [9,20,10]
5.e1 2 [34,26,27] [34,26,27]
3.e4 0 [0,9,8] [0,9,8]
2.e5 0 [20,21,8] [20,21,8]
1.e6 0 [17,7,18] [17,7,18]
4.e3 12 [3,2,22] [3,2,22]
5.e2 2 [28,33,29] [28,33,29]
3.e5 0 [23,10,4] [23,10,4]
2.e4 0 [4,11,22] [4,11,22]
1.e7 0 [21,8,3] [21,8,3]
4.e2 20 [17,21,10] [17,21,10]
5.e3 2 [25,35,30] [25,35,30]
3.ea 0 [9,20,15] [9,20,15]
2.eb 0 [19,8,17] [19,8,17]
1.e8 0 [5,7,3] [5,7,3]
4.ed 14 [13,7,23] [13,7,23]
5.ec 1 [27,34,29] [27,34,29]
3.eb 0 [13,19,11] [13,19,11]
2.ea 0 [8,3,16] [8,3,16]
1.e9 0 [8,4,17] [8,4,17]
4.ec 14 [22,2,11] [22,2,11]
5.ed 1 [34,29,33] [34,29,33]
3.e8 0 [6,10,14] [6,10,14]
2.e9 0 [5,11,14] [5,11,14]
1.ea 0 [10,4,11] [10,4,11]
4.ef 18 [15,23,7] [15,23,7]
5.ee 2 [32,33,31] [32,33,31]
3.e9 0 [17,2,5] [17,2,5]
2.e8 0 [4,17,15] [4,17,15]
1.eb 0 [11,19,13] [11,19,13]
4.ee 24 [21,17,22] [21,17,22]
5.ef 3 [33,31,26] [33,31,26]
3.ee 0 [13,6,2] [13,6,2]
2.ef 0 [21,13,0] [21,13,0]
1.ec 0 [17,13,21] [17,13,21]
4.e9 19 [19,22,3] [19,22,3]
5.e8 3 [26,27,34] [26,27,34]
3.ef 0 [10,20,4] [10,20,4]
2.ee 0 [18,14,20] [18,14,20]
1.ed 0 [22,9,11] [22,9,11]
4.e8 24 [16,10,20] [16,10,20]
5.e9 4 [28,27,32] [28,27,32]
3.ec 0 [14,8,20] [14,8,20]
2.ed 0 [22,9,11] [22,9,11]
1.ee 0 [9,17,13] [9,17,13]
4.eb 25 [11,1,7] [11,1,7]
5.ea 3 [34,26,27] [34,26,27]
3.ed 0 [16,11,10] [16,11,10]
2.ec 0 [0,9,5] [0,9,5]
1.ef 0 [20,15,19] [20,15,19]
4.ea 20 [6,14,5] [6,14,5]
5.eb 5 [35,33,34] [35,33,34]
3.f2 0 [23,8,16] [23,8,16]
2.f3 0 [9,17,5] [9,17,5]
1.f0 0 [2,0,15] [2,0,15]
4.f5 11 [5,17,2] [5,17,2]
5.f4 3 [25,33,29] [25,33,29]
3.f3 0 [11,4,13] [11,4,13]
2.f2 0 [14,17,15] [14,17,15]
1.f1 0 [0,15,14] [0,15,14]
4.f4 15 [1,20,7] [1,20,7]
5.f5 3 [33,29,28] [33,29,28]
3.f0 0 [4,13,3] [4,13,3]
2.f1 0 [20,8,16] [20,8,16]
1.f2 0 [15,9,11] [15,9,11]
4.f7 13 [9,1,0] [9,1,0]
5.f6 5 [24,28,35] [24,28,35]
3.f1 0 [14,6,18] [14,6,18]
2.f0 0 [0,4,1] [0,4,1]
1.f3 0 [15,3,16] [15,3,16]
4.f6 18 [13,20,2] [13,20,2]
5.f7 7 [31,24,35] [31,24,35]
2.f7 0 [20,7,13] [20,7,13]
1.f4 0 [13,6,9] [13,6,9]
3.f6 0 [22,14,3] [22,14,3]
4.f1 22 [5,23,7] [5,23,7]
5.f0 3 [25,33,35] [25,33,35]
2.f6 0 [4,3,10] [4,3,10]
1.f5 0 [18,23,19] [18,23,19]
3.f7 0 [21,20,1] [21,20,1]
4.f0 22 [5,16,3] [5,16,3]
5.f1 3 [25,33,32] [25,33,32]
3.f4 0 [14,22,17] [14,22,17]
2.f5 0 [8,0,14] [8,0,14]
1.f6 0 [5,19,17] [5,19,17]
4.f3 16 [1,19,23] [1,19,23]
5.f2 1 [24,29,25] [24,29,25]
3.f5 0 [4,10,23] [4,10,23]
2.f4 0 [19,20,8] [19,20,8]
1.f7 0 [6,22,19] [6,22,19]
4.f2 18 [15,7,6] [15,7,6]
5.f3 3 [31,27,26] [31,27,26]
2.fb 0 [9,8,11] [9,8,11]
1.f8 0 [14,8,23] [14,8,23]
3.fa 0 [4,8,23] [4,8,23]
4.fd 18 [1,17,14] [1,17,14]
5.fc 3 [31,24,29] [31,24,29]
2.fa 0 [3,9,8] [3,9,8]
1.f9 0 [20,18,9] [20,18,9]
3.fb 0 [9,23,5] [9,23,5]
4.fc 17 [5,19,23] [5,19,23]
5.fd 5 [26,34,30] [26,34,30]
2.f9 0 [0,10,9] [0,10,9]
1.fa 0 [14,3,5] [14,3,5]
3.f8 0 [3,22,2] [3,22,2]
4.ff 20 [14,17,1] [14,17,1]
5.fe 2 [34,33,32] [34,33,32]
2.f8 0 [22,23,14] [22,23,14]
1.fb 0 [14,3,22] [14,3,22]
3.f9 0 [8,4,11] [8,4,11]
4.fe 14 [18,4,20] [18,4,20]
5.ff 2 [26,24,31] [26,24,31]
2.ff 0 [20,16,18] [20,16,18]
1.fc 0 [22,2,3] [22,2,3]
3.fe 0 [8,0,4] [8,0,4]
4.f9 14 [21,23,15] [21,23,15]
5.f8 2 [30,26,31] [30,26,31]
2.fe 0 [2,13,11] [2,13,11]
1.fd 0 [8,2,6] [8,2,6]
3.ff 0 [0,22,16] [0,22,16]
4.f8 19 [14,6,10] [14,6,10]
5.f9 7 [27,31,26] [27,31,26]
2.fd 0 [17,2,10] [17,2,10]
1.fe 0 [5,16,11] [5,16,11]
3.fc 0 [13,17,7] [13,17,7]
4.fb 21 [23,15,7] [23,15,7]
5.fa 1 [33,28,35] [33,28,35]
2.fc 0 [2,0,8] [2,0,8]
1.ff 0 [9,1,0] [9,1,0]
3.fd 0 [6,13,4] [6,13,4]
4.fa 21 [20,16,13] [20,16,13]
5.fb 6 [25,32,27] [25,32,27]
2.100 0 [10,16,0] [10,16,0]
2.101 0 [20,19,18] [20,19,18]
2.102 0 [18,9,0] [18,9,0]
2.103 0 [0,4,22] [0,4,22]
2.104 0 [18,11,14] [18,11,14]
2.105 0 [22,16,20] [22,16,20]
2.106 0 [17,15,21] [17,15,21]
2.107 0 [10,6,16] [10,6,16]
2.108 0 [7,8,3] [7,8,3]
2.109 0 [13,0,16] [13,0,16]
2.10a 0 [16,0,8] [16,0,8]
2.10b 0 [10,21,23] [10,21,23]
2.10c 0 [19,5,11] [19,5,11]
2.10d 0 [13,23,7] [13,23,7]
2.10e 0 [0,5,9] [0,5,9]
2.10f 0 [5,16,0] [5,16,0]
2.110 0 [3,14,13] [3,14,13]
2.111 0 [5,14,6] [5,14,6]
2.112 0 [15,20,21] [15,20,21]
2.113 0 [13,3,16] [13,3,16]
2.114 0 [7,3,15] [7,3,15]
2.115 0 [4,3,8] [4,3,8]
2.116 0 [7,8,3] [7,8,3]
2.117 0 [23,2,10] [23,2,10]
2.118 0 [13,14,3] [13,14,3]
2.119 0 [15,4,11] [15,4,11]
2.11a 0 [23,15,21] [23,15,21]
2.11b 0 [16,0,8] [16,0,8]
2.11c 0 [8,7,17] [8,7,17]
2.11d 0 [6,13,14] [6,13,14]
2.11e 0 [5,0,2] [5,0,2]
2.11f 0 [22,2,11] [22,2,11]
2.120 0 [22,23,9] [22,23,9]
2.121 0 [4,17,15] [4,17,15]
2.122 0 [11,19,8] [11,19,8]
2.123 0 [17,10,19] [17,10,19]
2.124 0 [6,19,13] [6,19,13]
2.125 0 [3,5,21] [3,5,21]
2.126 0 [4,15,17] [4,15,17]
2.127 0 [16,5,20] [16,5,20]
2.128 0 [13,19,20] [13,19,20]
2.129 0 [8,4,17] [8,4,17]
2.12a 0 [17,9,22] [17,9,22]
2.12b 0 [6,16,15] [6,16,15]
2.12c 0 [16,22,23] [16,22,23]
2.12d 0 [21,8,3] [21,8,3]
2.12e 0 [11,15,2] [11,15,2]
2.12f 0 [8,4,17] [8,4,17]
2.130 0 [22,19,23] [22,19,23]
2.131 0 [2,6,1] [2,6,1]
2.132 0 [10,19,17] [10,19,17]
2.133 0 [15,21,6] [15,21,6]
2.134 0 [19,8,17] [19,8,17]
2.135 0 [21,18,20] [21,18,20]
2.136 0 [23,7,18] [23,7,18]
2.137 0 [3,19,1] [3,19,1]
2.138 0 [17,2,13] [17,2,13]
2.139 0 [8,3,16] [8,3,16]
2.13a 0 [2,22,20] [2,22,20]
2.13b 0 [2,22,0] [2,22,0]
2.13c 0 [15,9,3] [15,9,3]
2.13d 0 [11,8,21] [11,8,21]
2.13e 0 [11,2,8] [11,2,8]
2.13f 0 [20,15,16] [20,15,16]
2.140 0 [19,3,22] [19,3,22]
2.141 0 [20,2,18] [20,2,18]
2.142 0 [2,10,11] [2,10,11]
2.143 0 [3,13,9] [3,13,9]
2.144 0 [3,10,19] [3,10,19]
2.145 0 [13,17,14] [13,17,14]
2.146 0 [6,14,5] [6,14,5]
2.147 0 [6,18,2] [6,18,2]
2.148 0 [17,14,18] [17,14,18]
2.149 0 [1,19,11] [1,19,11]
2.14a 0 [14,5,6] [14,5,6]
2.14b 0 [17,2,18] [17,2,18]
2.14c 0 [11,1,21] [11,1,21]
2.14d 0 [16,18,6] [16,18,6]
2.14e 0 [5,14,17] [5,14,17]
2.14f 0 [7,8,11] [7,8,11]
2.150 0 [9,17,5] [9,17,5]
2.151 0 [21,5,20] [21,5,20]
2.152 0 [13,2,20] [13,2,20]
2.153 0 [1,21,6] [1,21,6]
2.154 0 [18,19,6] [18,19,6]
2.155 0 [10,6,4] [10,6,4]
2.156 0 [15,9,0] [15,9,0]
2.157 0 [1,23,21] [1,23,21]
2.158 0 [22,14,17] [22,14,17]
2.159 0 [5,6,2] [5,6,2]
2.15a 0 [1,4,3] [1,4,3]
2.15b 0 [22,7,3] [22,7,3]
2.15c 0 [2,5,6] [2,5,6]
2.15d 0 [13,2,17] [13,2,17]
2.15e 0 [23,4,22] [23,4,22]
2.15f 0 [3,10,9] [3,10,9]
2.160 0 [23,9,18] [23,9,18]
2.161 0 [19,23,8] [19,23,8]
2.162 0 [11,19,18] [11,19,18]
2.163 0 [9,15,17] [9,15,17]
2.164 0 [23,14,15] [23,14,15]
2.165 0 [6,5,21] [6,5,21]
2.166 0 [7,1,23] [7,1,23]
2.167 0 [22,17,14] [22,17,14]
2.168 0 [22,23,9] [22,23,9]
2.169 0 [19,17,10] [19,17,10]
2.16a 0 [9,1,11] [9,1,11]
2.16b 0 [16,6,1] [16,6,1]
2.16c 0 [11,14,10] [11,14,10]
2.16d 0 [5,4,23] [5,4,23]
2.16e 0 [0,8,21] [0,8,21]
2.16f 0 [22,7,20] [22,7,20]
2.170 0 [0,1,2] [0,1,2]
2.171 0 [9,5,6] [9,5,6]
2.172 0 [8,16,11] [8,16,11]
2.173 0 [16,23,13] [16,23,13]
2.174 0 [17,21,5] [17,21,5]
2.175 0 [8,2,11] [8,2,11]
2.176 0 [14,8,6] [14,8,6]
2.177 0 [2,0,1] [2,0,1]
2.178 0 [23,5,7] [23,5,7]
2.179 0 [19,5,3] [19,5,3]
2.17a 0 [0,7,15] [0,7,15]
2.17b 0 [7,17,15] [7,17,15]
2.17c 0 [23,22,4] [23,22,4]
2.17d 0 [13,6,19] [13,6,19]
2.17e 0 [19,15,6] [19,15,6]
2.17f 0 [10,23,4] [10,23,4]
2.180 0 [16,6,5] [16,6,5]
2.181 0 [8,21,11] [8,21,11]
2.182 0 [18,6,7] [18,6,7]
2.183 0 [15,23,16] [15,23,16]
2.184 0 [23,15,21] [23,15,21]
2.185 0 [17,18,21] [17,18,21]
2.186 0 [9,22,20] [9,22,20]
2.187 0 [1,4,23] [1,4,23]
2.188 0 [9,18,11] [9,18,11]
2.189 0 [2,13,6] [2,13,6]
2.18a 0 [5,20,7] [5,20,7]
2.18b 0 [21,17,18] [21,17,18]
2.18c 0 [23,9,8] [23,9,8]
2.18d 0 [7,3,13] [7,3,13]
2.18e 0 [15,4,0] [15,4,0]
2.18f 0 [2,13,17] [2,13,17]
2.190 0 [23,10,2] [23,10,2]
2.191 0 [21,17,8] [21,17,8]
2.192 0 [6,13,2] [6,13,2]
2.193 0 [20,4,15] [20,4,15]
2.194 0 [11,2,15] [11,2,15]
2.195 0 [19,20,22] [19,20,22]
2.196 0 [18,17,9] [18,17,9]
2.197 0 [13,2,11] [13,2,11]
2.198 0 [1,14,6] [1,14,6]
2.199 0 [19,20,10] [19,20,10]
2.19a 0 [11,18,19] [11,18,19]
2.19b 0 [16,22,6] [16,22,6]
2.19c 0 [11,4,1] [11,4,1]
2.19d 0 [4,6,15] [4,6,15]
2.19e 0 [20,13,19] [20,13,19]
2.19f 0 [16,1,17] [16,1,17]
2.1a0 0 [7,17,15] [7,17,15]
2.1a1 0 [14,0,18] [14,0,18]
2.1a2 0 [0,13,2] [0,13,2]
2.1a3 0 [18,4,0] [18,4,0]
2.1a4 0 [13,11,16] [13,11,16]
2.1a5 0 [23,15,9] [23,15,9]
2.1a6 0 [14,6,13] [14,6,13]
2.1a7 0 [1,2,23] [1,2,23]
2.1a8 0 [16,20,8] [16,20,8]
2.1a9 0 [11,2,5] [11,2,5]
2.1aa 0 [3,13,4] [3,13,4]
2.1ab 0 [11,22,2] [11,22,2]
2.1ac 0 [5,14,20] [5,14,20]
2.1ad 0 [10,20,14] [10,20,14]
2.1ae 0 [13,14,6] [13,14,6]
2.1af 0 [5,17,4] [5,17,4]
2.1b0 0 [1,23,9] [1,23,9]
2.1b1 0 [9,20,8] [9,20,8]
2.1b2 0 [15,3,21] [15,3,21]
2.1b3 0 [17,22,16] [17,22,16]
2.1b4 0 [17,21,8] [17,21,8]
2.1b5 0 [22,23,2] [22,23,2]
2.1b6 0 [5,21,20] [5,21,20]
2.1b7 0 [13,0,19] [13,0,19]
2.1b8 0 [6,14,8] [6,14,8]
2.1b9 0 [16,20,13] [16,20,13]
2.1ba 0 [9,17,1] [9,17,1]
2.1bb 0 [18,0,2] [18,0,2]
2.1bc 0 [2,0,1] [2,0,1]
2.1bd 0 [11,9,1] [11,9,1]
2.1be 0 [11,15,2] [11,15,2]
2.1bf 0 [15,11,7] [15,11,7]
2.1c0 0 [16,22,3] [16,22,3]
2.1c1 0 [14,18,0] [14,18,0]
2.1c2 0 [21,3,5] [21,3,5]
2.1c3 0 [6,4,8] [6,4,8]
2.1c4 0 [13,23,7] [13,23,7]
2.1c5 0 [14,0,1] [14,0,1]
2.1c6 0 [9,15,0] [9,15,0]
2.1c7 0 [17,16,8] [17,16,8]
2.1c8 0 [1,0,14] [1,0,14]
2.1c9 0 [11,8,14] [11,8,14]
2.1ca 0 [15,19,17] [15,19,17]
2.1cb 0 [9,20,15] [9,20,15]
2.1cc 0 [2,13,3] [2,13,3]
2.1cd 0 [17,7,15] [17,7,15]
2.1ce 0 [23,9,22] [23,9,22]
2.1cf 0 [18,0,14] [18,0,14]
2.1d0 0 [20,22,4] [20,22,4]
2.1d1 0 [4,23,8] [4,23,8]
2.1d2 0 [22,21,3] [22,21,3]
2.1d3 0 [5,21,6] [5,21,6]
2.1d4 0 [20,19,8] [20,19,8]
2.1d5 0 [18,11,2] [18,11,2]
2.1d6 0 [9,6,8] [9,6,8]
2.1d7 0 [0,14,8] [0,14,8]
2.1d8 0 [10,21,23] [10,21,23]
2.1d9 0 [15,19,20] [15,19,20]
2.1da 0 [14,5,11] [14,5,11]
2.1db 0 [8,0,2] [8,0,2]
2.1dc 0 [2,0,18] [2,0,18]
2.1dd 0 [17,18,9] [17,18,9]
2.1de 0 [7,3,8] [7,3,8]
2.1df 0 [4,23,15] [4,23,15]
2.1e0 0 [11,7,18] [11,7,18]
2.1e1 0 [2,3,15] [2,3,15]
2.1e2 0 [0,2,1] [0,2,1]
2.1e3 0 [7,15,6] [7,15,6]
2.1e4 0 [21,11,10] [21,11,10]
2.1e5 0 [1,19,11] [1,19,11]
2.1e6 0 [21,10,3] [21,10,3]
2.1e7 0 [0,16,10] [0,16,10]
2.1e8 0 [4,13,3] [4,13,3]
2.1e9 0 [23,22,7] [23,22,7]
2.1ea 0 [1,11,14] [1,11,14]
2.1eb 0 [15,9,20] [15,9,20]
2.1ec 0 [11,16,8] [11,16,8]
2.1ed 0 [17,19,13] [17,19,13]
2.1ee 0 [20,13,7] [20,13,7]
2.1ef 0 [0,21,8] [0,21,8]
2.1f0 0 [1,20,21] [1,20,21]
2.1f1 0 [0,18,9] [0,18,9]
2.1f2 0 [8,11,9] [8,11,9]
2.1f3 0 [8,20,19] [8,20,19]
2.1f4 0 [13,7,17] [13,7,17]
2.1f5 0 [5,14,20] [5,14,20]
2.1f6 0 [22,7,3] [22,7,3]
2.1f7 0 [8,6,7] [8,6,7]
2.1f8 0 [1,0,16] [1,0,16]
2.1f9 0 [5,17,19] [5,17,19]
2.1fa 0 [20,16,22] [20,16,22]
2.1fb 0 [14,6,13] [14,6,13]
2.1fc 0 [16,3,22] [16,3,22]
2.1fd 0 [20,2,1] [20,2,1]
2.1fe 0 [15,14,6] [15,14,6]
2.1ff 0 [10,9,0] [10,9,0]
2.200 0 [16,13,0] [16,13,0]
2.201 0 [11,10,2] [11,10,2]
2.202 0 [1,2,6] [1,2,6]
2.203 0 [17,15,19] [17,15,19]
2.204 0 [20,8,2] [20,8,2]
2.205 0 [5,17,4] [5,17,4]
2.206 0 [6,21,1] [6,21,1]
2.207 0 [19,6,8] [19,6,8]
2.208 0 [20,14,10] [20,14,10]
2.209 0 [10,0,4] [10,0,4]
2.20a 0 [16,17,18] [16,17,18]
2.20b 0 [19,10,20] [19,10,20]
2.20c 0 [1,16,3] [1,16,3]
2.20d 0 [21,23,22] [21,23,22]
2.20e 0 [18,11,21] [18,11,21]
2.20f 0 [19,10,6] [19,10,6]
2.210 0 [3,8,9] [3,8,9]
2.211 0 [7,3,5] [7,3,5]
2.212 0 [1,3,9] [1,3,9]
2.213 0 [18,3,4] [18,3,4]
2.214 0 [11,8,2] [11,8,2]
2.215 0 [20,18,4] [20,18,4]
2.216 0 [19,8,23] [19,8,23]
2.217 0 [14,11,22] [14,11,22]
2.218 0 [0,21,10] [0,21,10]
2.219 0 [10,4,20] [10,4,20]
2.21a 0 [6,19,18] [6,19,18]
2.21b 0 [21,5,0] [21,5,0]
2.21c 0 [13,21,6] [13,21,6]
2.21d 0 [2,6,13] [2,6,13]
2.21e 0 [23,9,8] [23,9,8]
2.21f 0 [7,10,0] [7,10,0]
2.220 0 [16,13,23] [16,13,23]
2.221 0 [18,7,11] [18,7,11]
2.222 0 [14,11,13] [14,11,13]
2.223 0 [20,14,22] [20,14,22]
2.224 0 [14,0,8] [14,0,8]
2.225 0 [20,19,1] [20,19,1]
2.226 0 [9,17,10] [9,17,10]
2.227 0 [21,13,6] [21,13,6]
2.228 0 [3,18,4] [3,18,4]
2.229 0 [20,21,5] [20,21,5]
2.22a 0 [10,21,20] [10,21,20]
2.22b 0 [18,20,21] [18,20,21]
2.22c 0 [21,0,10] [21,0,10]
2.22d 0 [5,0,9] [5,0,9]
2.22e 0 [0,8,2] [0,8,2]
2.22f 0 [0,1,2] [0,1,2]
2.230 0 [19,6,22] [19,6,22]
2.231 0 [19,15,3] [19,15,3]
2.232 0 [14,15,3] [14,15,3]
2.233 0 [10,6,19] [10,6,19]
2.234 0 [20,19,15] [20,19,15]
2.235 0 [15,2,11] [15,2,11]
2.236 0 [18,21,6] [18,21,6]
2.237 0 [21,1,20] [21,1,20]
2.238 0 [11,22,16] [11,22,16]
2.239 0 [0,1,4] [0,1,4]
2.23a 0 [7,10,23] [7,10,23]
2.23b 0 [23,2,5] [23,2,5]
2.23c 0 [7,3,8] [7,3,8]
2.23d 0 [2,5,0] [2,5,0]
2.23e 0 [23,2,5] [23,2,5]
2.23f 0 [1,21,11] [1,21,11]
2.240 0 [4,18,3] [4,18,3]
2.241 0 [2,3,15] [2,3,15]
2.242 0 [16,23,8] [16,23,8]
2.243 0 [14,6,8] [14,6,8]
2.244 0 [22,11,19] [22,11,19]
2.245 0 [11,21,22] [11,21,22]
2.246 0 [18,20,14] [18,20,14]
2.247 0 [15,17,19] [15,17,19]
2.248 0 [7,10,20] [7,10,20]
2.249 0 [23,19,5] [23,19,5]
2.24a 0 [17,14,1] [17,14,1]
2.24b 0 [7,13,20] [7,13,20]
2.24c 0 [7,23,22] [7,23,22]
2.24d 0 [8,3,4] [8,3,4]
2.24e 0 [6,4,18] [6,4,18]
2.24f 0 [4,0,18] [4,0,18]
2.250 0 [6,15,2] [6,15,2]
2.251 0 [3,1,2] [3,1,2]
2.252 0 [18,17,7] [18,17,7]
2.253 0 [19,23,13] [19,23,13]
2.254 0 [14,23,8] [14,23,8]
2.255 0 [1,23,2] [1,23,2]
2.256 0 [6,14,18] [6,14,18]
2.257 0 [16,8,6] [16,8,6]
2.258 0 [13,16,11] [13,16,11]
2.259 0 [1,21,0] [1,21,0]
2.25a 0 [4,8,20] [4,8,20]
2.25b 0 [19,17,18] [19,17,18]
2.25c 0 [14,15,0] [14,15,0]
2.25d 0 [20,4,1] [20,4,1]
2.25e 0 [1,6,9] [1,6,9]
2.25f 0 [2,18,0] [2,18,0]
2.260 0 [14,13,6] [14,13,6]
2.261 0 [9,20,22] [9,20,22]
2.262 0 [5,17,21] [5,17,21]
2.263 0 [22,17,7] [22,17,7]
2.264 0 [20,4,13] [20,4,13]
2.265 0 [14,23,5] [14,23,5]
2.266 0 [9,3,22] [9,3,22]
2.267 0 [21,17,22] [21,17,22]
2.268 0 [3,16,8] [3,16,8]
2.269 0 [15,3,4] [15,3,4]
2.26a 0 [10,6,21] [10,6,21]
2.26b 0 [8,0,7] [8,0,7]
2.26c 0 [16,13,20] [16,13,20]
2.26d 0 [0,5,9] [0,5,9]
2.26e 0 [8,2,6] [8,2,6]
2.26f 0 [8,20,4] [8,20,4]
2.270 0 [2,11,10] [2,11,10]
2.271 0 [18,11,7] [18,11,7]
2.272 0 [9,22,6] [9,22,6]
2.273 0 [19,8,17] [19,8,17]
2.274 0 [10,16,3] [10,16,3]
2.275 0 [13,9,0] [13,9,0]
2.276 0 [23,18,2] [23,18,2]
2.277 0 [11,10,2] [11,10,2]
2.278 0 [20,18,2] [20,18,2]
2.279 0 [21,15,3] [21,15,3]
2.27a 0 [10,11,7] [10,11,7]
2.27b 0 [6,9,8] [6,9,8]
2.27c 0 [6,15,21] [6,15,21]
2.27d 0 [11,4,13] [11,4,13]
2.27e 0 [11,15,4] [11,15,4]
2.27f 0 [20,8,9] [20,8,9]
2.280 0 [4,23,13] [4,23,13]
2.281 0 [3,18,2] [3,18,2]
2.282 0 [6,15,7] [6,15,7]
2.283 0 [4,6,15] [4,6,15]
2.284 0 [2,15,20] [2,15,20]
2.285 0 [19,3,8] [19,3,8]
2.286 0 [14,3,8] [14,3,8]
2.287 0 [13,3,16] [13,3,16]
2.288 0 [0,4,15] [0,4,15]
2.289 0 [11,15,9] [11,15,9]
2.28a 0 [16,22,0] [16,22,0]
2.28b 0 [5,14,0] [5,14,0]
